0 ONEWEB-0012
1 44057U 19010A   20179.91667824  .00010747  00000-0  25964-1 0  9999
2 44057  87.9192 332.2847 0001926  99.7665 143.3607 13.21813984 64269
0 ONEWEB-0010
1 44058U 19010B   20179.91667824  .00010865  00000-0  26248-1 0  9997
2 44058  87.9195 332.2853 0001898  97.4468 137.9908 13.21815566 64311
0 ONEWEB-0008
1 44059U 19010C   20179.91667824  .00010585  00000-0  25573-1 0  9997
2 44059  87.9199 332.2849 0001961  95.9663 154.7703 13.21812037 64402
0 ONEWEB-0007
1 44060U 19010D   20179.91667824  .00010964  00000-0  26488-1 0  9996
2 44060  87.9192 332.2851 0001680  92.8917 135.2600 13.21815217 64432
0 ONEWEB-0006
1 44061U 19010E   20179.91667824  .00011040  00000-0  26672-1 0  9998
2 44061  87.9197 332.2851 0001950  95.6324 125.1784 13.21815799 64471
0 ONEWEB-0011
1 44062U 19010F   20179.91667824  .00011159  00000-0  26959-1 0  9998
2 44062  87.9201 332.2864 0001954  96.2295 117.0789 13.21815847 64479
0 ONEWEB-0013
1 45131U 20008A   20179.91667824 -.00032257  00000-0 -86070-1 0  9999
2 45131  87.9712 123.6409 0019199 155.5488  99.2958 13.15446081 21480
0 ONEWEB-0017
1 45132U 20008B   20179.91667824 -.00045862  00000-0 -82991-2 0  9995
2 45132  87.4389 118.6047 0022794 154.9851 290.9614 14.66598080 21865
0 ONEWEB-0020
1 45133U 20008C   20179.91667824 -.00052200  00000-0 -55930-2 0  9993
2 45133  87.4938 118.6205 0024458 135.3823 116.8138 14.88841884 22116
0 ONEWEB-0021
1 45134U 20008D   20179.91667824 -.00051635  00000-0 -44382-2 0  9994
2 45134  87.5622 118.5747 0021095 123.3740   0.0350 14.97620699 22318
0 ONEWEB-0022
1 45135U 20008E   20179.91667824 -.00052000  00000-0 -61247-2 0  9991
2 45135  87.5167 118.6151 0019977 148.2017 115.1080 14.85058436 22041
0 ONEWEB-0023
1 45136U 20008F   20179.91667824 -.00051595  00000-0 -84193-2 0  9995
2 45136  87.4583 118.6036 0021736 144.9981 110.3242 14.71208163 21904
0 ONEWEB-0024
1 45137U 20008G   20179.91667824 -.00049078  00000-0 -60713-2 0  9991
2 45137  87.4951 118.5979 0019721 146.4005 334.2664 14.83018400 22029
0 ONEWEB-0025
1 45138U 20008H   20179.91667824 -.00049272  00000-0 -41476-2 0  9993
2 45138  87.5841 118.4973 0022887 141.2700 254.7291 14.98383732 22171
0 ONEWEB-0026
1 45139U 20008J   20179.91667824 -.00052353  00000-0 -49319-2 0  9992
2 45139  87.5466 118.6034 0023475 131.4692 170.2398 14.93997991 22308
0 ONEWEB-0028
1 45140U 20008K   20179.91667824 -.00052394  00000-0 -50737-2 0  9995
2 45140  87.5602 118.6001 0023480 129.5140 110.9107 14.92908498 21387
0 ONEWEB-0032
1 45141U 20008L   20179.91667824 -.00047563  00000-0 -57205-2 0  9995
2 45141  87.5079 118.5988 0021842 147.4241 283.1681 14.84142683 22153
0 ONEWEB-0033
1 45142U 20008M   20179.91667824 -.00052628  00000-0 -66945-2 0  9995
2 45142  87.5394 118.5954 0020895 149.0449  90.4722 14.81859901 22130
0 ONEWEB-0035
1 45143U 20008N   20179.91667824 -.00049421  00000-0 -91714-2 0  9995
2 45143  87.4399 118.6214 0021828 154.3162   0.4998 14.65510514 21976
0 ONEWEB-0036
1 45144U 20008P   20179.91667824 -.00052827  00000-0 -58287-2 0  9998
2 45144  87.5231 118.5982 0021852 143.1740  74.2271 14.87702851 22187
0 ONEWEB-0038
1 45145U 20008Q   20179.91667824 -.00046329 +00000-0 -79775-2 0  9994
2 45145 087.4500 118.6103 0022359 148.8704 303.5350 14.68807475001772
0 ONEWEB-0039
1 45146U 20008R   20179.91667824 -.00046838  00000-0 -63922-2 0  9997
2 45146  87.4500 118.7149 0019516 144.5697 257.4894 14.78893390 22011
0 ONEWEB-0040
1 45147U 20008S   20179.91667824 -.00046118  00000-0 -93025-2 0  9996
2 45147  87.4390 118.4947 0020038 161.7127 304.8077 14.61759584 21828
0 ONEWEB-0041
1 45148U 20008T   20179.91667824 -.00052870  00000-0 -56590-2 0  9995
2 45148  87.5298 118.6063 0018599 141.5132  73.8185 14.88983856 22115
0 ONEWEB-0043
1 45149U 20008U   20179.91667824 -.00052701 +00000-0 -71391-2 0  9995
2 45149 087.4882 118.5941 0019348 148.1697 057.5468 14.79243139001764
0 ONEWEB-0044
1 45150U 20008V   20179.91667824 -.00052208  00000-0 -48356-2 0  9994
2 45150  87.5510 118.6242 0018753 137.0499   7.5713 14.94743925 22177
0 ONEWEB-0045
1 45151U 20008W   20179.91667824 -.00046956  00000-0 -78887-2 0  9990
2 45151  87.4553 118.6119 0018302 150.8588 313.7634 14.69952963 21909
0 ONEWEB-0047
1 45152U 20008X   20179.91667824 -.00052163  00000-0 -75617-2 0  9996
2 45152  87.4821 118.5962 0019623 143.8553  86.8998 14.76357126 21992
0 ONEWEB-0048
1 45153U 20008Y   20179.91667824 -.00045690  00000-0 -99543-2 0  9998
2 45153  87.4031 118.6084 0019514 161.3140 225.8596 14.58242348 21750
0 ONEWEB-0049
1 45154U 20008Z   20179.91667824 -.00048488  00000-0 -85174-2 0  9992
2 45154  87.4460 118.6076 0023093 151.3157 193.7617 14.67927914 21882
0 ONEWEB-0051
1 45155U 20008AA  20179.91667824 -.00049035  00000-0 -47868-2 0  9990
2 45155  87.5441 118.6119 0023527 134.9458 243.0764 14.92571341 22165
0 ONEWEB-0052
1 45156U 20008AB  20179.91667824 -.00048576  00000-0 -93618-2 0  9994
2 45156  87.4283 118.6077 0022035 161.0419 177.3370 14.63806404 21815
0 ONEWEB-0053
1 45157U 20008AC  20179.91667824 -.00050440  00000-0 -95973-2 0  9994
2 45157  87.4300 118.6060 0021838 161.5735 135.4517 14.64397536 21825
0 ONEWEB-0054
1 45158U 20008AD  20179.91667824 -.00050067  00000-0 -83416-2 0  9999
2 45158  87.4548 118.6082 0022645 148.2058   6.2298 14.70274924 21891
0 ONEWEB-0056
1 45159U 20008AE  20179.91667824 -.00050504  00000-0 -75879-2 0  9990
2 45159  87.4758 118.6134 0019323 143.1374 167.4301 14.74817575 21947
0 ONEWEB-0057
1 45160U 20008AF  20179.91667824 -.00049187 +00000-0 -77643-2 0  9998
2 45160 087.4614 118.6669 0020497 142.6817 353.5215 14.72657344001778
0 ONEWEB-0058
1 45161U 20008AG  20179.91667824 -.00051534  00000-0 -52514-2 0  9998
2 45161  87.5356 118.6080 0021612 145.5246 351.1592 14.90906966 22107
0 ONEWEB-0059
1 45162U 20008AH  20179.91667824 -.00052118  00000-0 -60658-2 0  9996
2 45162  87.5208 118.5905 0023040 142.9357 141.2793 14.85498750 22056
0 ONEWEB-0062
1 45163U 20008AJ  20179.91667824 -.00051545  00000-0 -76759-2 0  9999
2 45163  87.4744 118.6064 0018887 142.8132 120.0675 14.75210518 21934
0 ONEWEB-0065
1 45164U 20008AK  20179.91667824 -.00050680  00000-0 -99379-2 0  9992
2 45164  87.4279 118.6129 0023367 157.5107 130.2247 14.63018838 21806
0 ONEWEB-0066
1 45424U 20020A   20179.91667824 -.00061094  00000-0 -64041-2 0  9994
2 45424  87.5632 106.6953 0022374 292.5238 311.9791 14.89808729 14845
0 ONEWEB-0067
1 45425U 20020B   20179.91667824 -.00060829  00000-0 -63207-2 0  9993
2 45425  87.5596 106.7153 0023354 293.1379 309.5367 14.90141890 14843
0 ONEWEB-0080
1 45426U 20020C   20179.91667824 -.00055107  00000-0 -56963-2 0  9998
2 45426  87.5708 106.7348 0025427 294.2181  92.8068 14.90282088 14835
0 ONEWEB-0090
1 45427U 20020D   20179.91667824 -.00062703  00000-0 -66312-2 0  9998
2 45427  87.5506 106.7395 0024918 296.3519 254.2664 14.89414502 14827
0 ONEWEB-0061
1 45428U 20020E   20179.91667824 -.00055480  00000-0 -57398-2 0  9997
2 45428  87.5079 106.9801 0026501 300.4004 116.7568 14.90227998 14809
0 ONEWEB-0081
1 45429U 20020F   20179.91667824 -.00057486  00000-0 -60288-2 0  9998
2 45429  87.5605 106.7228 0025495 300.3649  11.7152 14.89712192 14829
0 ONEWEB-0069
1 45430U 20020G   20179.91667824 -.00056841  00000-0 -58611-2 0  9991
2 45430  87.5644 106.7081 0026456 303.6711  23.9401 14.90368722 14814
0 ONEWEB-0031
1 45431U 20020H   20179.91667824 -.00061553 +00000-0 -64560-2 0  9998
2 45431 087.5541 106.7222 0024022 303.8985 271.1344 14.89757930001775
0 ONEWEB-0027
1 45432U 20020J   20179.91667824 -.00055171  00000-0 -57621-2 0  9998
2 45432  87.5638 106.6845 0024559 306.0345  97.4788 14.89884908 14819
0 ONEWEB-0064
1 45433U 20020K   20179.91667824 -.00056885  00000-0 -59581-2 0  9999
2 45433  87.5628 106.7059 0023637 306.5360 136.7530 14.89795942 14816
0 ONEWEB-0018
1 45434U 20020L   20179.91667824 -.00057533  00000-0 -59565-2 0  9993
2 45434  87.5533 106.7422 0023055 308.0500   1.4877 14.90276097 14812
0 ONEWEB-0083
1 45435U 20020M   20179.91667824 -.00055399  00000-0 -57456-2 0  9999
2 45435  87.5509 106.7608 0022493 306.2877  66.3104 14.90204764 14820
0 ONEWEB-0095
1 45436U 20020N   20179.91667824 -.00060028  00000-0 -62084-2 0  9998
2 45436  87.5711 106.6694 0020813 305.0395 177.7876 14.90369200 14815
0 ONEWEB-0092
1 45437U 20020P   20179.91667824 -.00059188  00000-0 -61613-2 0  9991
2 45437  87.5697 106.6911 0020692 304.0973 167.9932 14.90106802 14807
0 ONEWEB-0085
1 45438U 20020Q   20179.91667824 -.00056987  00000-0 -59360-2 0  9992
2 45438  87.5690 106.6593 0021133 302.2248 141.2182 14.90062170 14804
0 ONEWEB-0096
1 45439U 20020R   20179.91667824 -.00059701  00000-0 -61946-2 0  9993
2 45439  87.5711 106.6721 0021798 301.4827 322.7533 14.90221072 14795
0 ONEWEB-0037
1 45440U 20020S   20179.91667824 -.00058212  00000-0 -60398-2 0  9991
2 45440  87.5690 106.6638 0022064 300.2778 159.9453 14.90210689 14792
0 ONEWEB-0042
1 45441U 20020T   20179.91667824 -.00060392  00000-0 -63149-2 0  9991
2 45441  87.5693 106.6668 0021905 300.1291 314.0177 14.89912394 14787
0 ONEWEB-0098
1 45442U 20020U   20179.91667824 -.00055972  00000-0 -57793-2 0  9998
2 45442  87.5724 106.6583 0023776 298.4686 128.0131 14.90362575 14778
0 ONEWEB-0055
1 45443U 20020V   20179.91667824 -.00061895  00000-0 -63985-2 0  9990
2 45443  87.5690 106.6619 0024682 298.4361 227.2581 14.90329295 14760
0 ONEWEB-0093
1 45444U 20020W   20180.25001157  .00037334  00000-0  38188-2 0  9997
2 45444  87.5921 106.4650 0025448 297.5672  94.7939 14.90134390 14839
0 ONEWEB-0029
1 45445U 20020X   20179.91667824 -.00060450  00000-0 -62645-2 0  9990
2 45445  87.5775 106.6317 0025353 300.9161 311.6096 14.90209287 14750
0 ONEWEB-0068
1 45446U 20020Y   20180.25001157  .00044058  00000-0  45032-2 0  9996
2 45446  87.5766 106.5374 0026132 302.2654 254.9537 14.90118210 14801
0 ONEWEB-0046
1 45447U 20020Z   20179.91667824 -.00057202  00000-0 -59660-2 0  9996
2 45447  87.5720 106.6772 0025011 304.6339 143.3668 14.89942046 14756
0 ONEWEB-0063
1 45448U 20020AA  20179.91667824 -.00058853  00000-0 -60788-2 0  9993
2 45448  87.5768 106.6384 0026296 304.9792 340.8653 14.90315177 14759
0 ONEWEB-0019
1 45449U 20020AB  20179.91667824 -.00055053  00000-0 -56974-2 0  9995
2 45449  87.5055 106.7891 0026178 307.9148  87.0785 14.90219299 14710
0 ONEWEB-0094
1 45450U 20020AC  20179.91667824 -.00058336  00000-0 -60527-2 0  9993
2 45450  87.5768 106.6295 0025051 310.4980 346.0986 14.90156222 14742
0 ONEWEB-0087
1 45451U 20020AD  20179.91667824 -.00056333  00000-0 -59262-2 0  9993
2 45451  87.5693 106.6616 0024465 312.0459 123.1609 14.89601642 14716
0 ONEWEB-0082
1 45452U 20020AE  20179.91667824 -.00061661  00000-0 -63739-2 0  9998
2 45452  87.5935 106.5490 0025087 312.0097 201.9631 14.90322575 14744
0 ONEWEB-0050
1 45453U 20020AF  20179.91667824 -.00062029 +00000-0 -57261-2 0  9991
2 45453 087.5418 106.9566 0023888 309.3765 201.2383 14.94836744001786
0 ONEWEB-0034
1 45454U 20020AG  20179.91667824 -.00055600  00000-0 -58026-2 0  9999
2 45454  87.5772 106.5328 0023347 309.9255 108.4297 14.89939175 14740
0 ONEWEB-0060
1 45455U 20020AH  20179.91667824 -.00064878  00000-0 -67682-2 0  9995
2 45455  87.5365 106.6329 0023322 311.8129 269.5940 14.90005242 14695
0 ONEWEB-0086
1 45456U 20020AJ  20179.91667824 -.00056690  00000-0 -59271-2 0  9994
2 45456  87.5670 106.6487 0022169 311.2125  22.6827 14.89893256 14698
0 ONEWEB-0088
1 45457U 20020AK  20179.91667824 -.00057384 +00000-0 -59269-2 0  9993
2 45457 087.5701 106.6774 0022459 311.5681 005.3646 14.90382172001768
