0 STARLINK-31
1 44235U 19029A   20180.25001157  .05724375  00000-0  10452+0 0  9995
2 44235  52.9971 156.3877 0009752 265.0734 297.2066 15.44618717 61924
0 STARLINK-22
1 44236U 19029B   20180.16667824  .00015196  00000-0  12991-3 0  9998
2 44236  53.0021 115.6399 0007310 295.2345 133.5878 15.69712266 62487
0 STARLINK-23
1 44237U 19029C   20180.16667824 -.00024767  00000-0 -52973-3 0  9999
2 44237  52.9965 156.2864 0001356 101.0148  79.6437 15.43875921 60805
0 STARLINK-24
1 44238U 19029D   20180.05818058  .00001143  00000-0  80610-4 0  9996
2 44238  52.9963 161.1473 0000843  71.9020 288.2063 15.13091749 60649
0 STARLINK-25
1 44239U 19029E   20180.16667824 -.00028112  00000-0 -60295-3 0  9995
2 44239  53.0052 155.7725 0001515  73.5607  16.6696 15.43866087 60739
0 STARLINK-26
1 44240U 19029F   20180.06763017  .00001021  00000-0  30007-4 0  9994
2 44240  53.0103 114.3359 0003114  67.7428 292.3907 15.45249945 61374
0 STARLINK-27
1 44241U 19029G   20180.16667824 -.00020616  00000-0 -43896-3 0  9997
2 44241  53.0067 156.7061 0001424  74.1577 160.5499 15.43890474 60797
0 STARLINK-28
1 44242U 19029H   20180.25001157  .04688983  00000-0  29609-1 0  9992
2 44242  52.9954 109.4431 0003226 185.0961 328.5479 15.71777999 61453
0 STARLINK-29
1 44243U 19029J   20180.16667824  .06361083  00000-0  56337-1 0  9991
2 44243  52.9997  59.0880 0004770 251.7366 307.7554 15.63456987 62146
0 STARLINK-30
1 44244U 19029K   20180.16667824 -.00030187  00000-0 -64785-3 0  9994
2 44244  52.9963 156.1873 0001309  98.4266  22.2457 15.43887471 60762
0 STARLINK-21
1 44245U 19029L   20180.16667824  .05399692  00000-0  11290+0 0  9996
2 44245  52.9974 157.0185 0003018 201.4875  46.2542 15.40779647 60765
0 STARLINK-33
1 44247U 19029N   20180.16667824  .00030600  00000-0  25648-3 0  9990
2 44247  53.0045 110.2778 0001488  57.2734 237.5374 15.69708307 61469
0 STARLINK-34
1 44248U 19029P   20180.16667824  .00003110  00000-0  30527-4 0  9990
2 44248  52.9993 119.6772 0001352  71.1251 339.6053 15.69702000 61233
0 STARLINK-61
1 44249U 19029Q   20180.05635172  .00000502  00000-0  39632-4 0  9998
2 44249  53.0011 148.9298 0008078  46.0011 314.1647 15.18257535 60904
0 STARLINK-36
1 44250U 19029R   20180.16667824 -.00027860  00000-0 -59711-3 0  9998
2 44250  52.9962 156.2792 0001110  76.8124  73.8812 15.43883442 60752
0 STARLINK-37
1 44251U 19029S   20180.16667824 -.00024258  00000-0 -51883-3 0  9999
2 44251  52.9777 155.2735 0001187 117.0646  39.6879 15.43863700 60729
0 STARLINK-71
1 44252U 19029T   20180.05285174 -.00000209  00000-0  50993-5 0  9994
2 44252  53.0004 161.6095 0000354  30.9148 329.1864 15.12340298 60639
0 STARLINK-39
1 44253U 19029U   20180.16667824 -.00022283  00000-0 -47571-3 0  9996
2 44253  53.0057 156.6655 0001433  74.1970 148.5097 15.43864764 60775
0 STARLINK-32
1 44254U 19029V   20180.16667824 -.00025231  00000-0 -53971-3 0  9994
2 44254  52.9959 156.2774 0001152 109.6762  65.0147 15.43883567 60742
0 STARLINK-66
1 44255U 19029W   20180.16667824  .00014834  00000-0  17150-3 0  9999
2 44255  53.0026 111.5891 0001158  68.2539 157.9097 15.62145828 61379
0 STARLINK-42
1 44256U 19029X   20180.25001157  .02759980  00000-0  22211-1 0  9993
2 44256  52.9937 111.1477 0007849 354.9287 321.8603 15.67225255 61343
0 STARLINK-43
1 44257U 19029Y   20180.16667824  .00018180  00000-0  59253-3 0  9999
2 44257  53.0007 107.3721 0001371  50.8098 295.2144 15.31894116 61487
0 STARLINK-40
1 44258U 19029Z   20180.16667824 -.00025981  00000-0 -55622-3 0  9995
2 44258  52.9964 156.2863 0001379 109.3632  59.2994 15.43875427 60779
0 STARLINK-52
1 44259U 19029AA  20180.16667824  .00029580  00000-0  30791-3 0  9993
2 44259  53.0014  60.2427 0001116  60.9208 280.4504 15.64346012 62018
0 STARLINK-45
1 44260U 19029AB  20180.16667824 -.00022478  00000-0 -47958-3 0  9999
2 44260  53.0071 155.2265 0001287  92.9875 105.6588 15.43887972 60854
0 STARLINK-44
1 44261U 19029AC  20180.16667824 -.00026580  00000-0 -56930-3 0  9998
2 44261  52.9961 156.2649 0001206  71.7827  90.8884 15.43876781 60794
0 STARLINK-49
1 44262U 19029AD  20180.16667824 -.00020694  00000-0 -44087-3 0  9999
2 44262  53.0068 156.7138 0001105  83.9951 156.6909 15.43876834 60804
0 STARLINK-72
1 44263U 19029AE  20180.16667824 -.00030154  00000-0 -64706-3 0  9992
2 44263  52.9970 156.1390 0001357  99.9266  14.7507 15.43890728 60798
0 STARLINK-35
1 44264U 19029AF  20180.16667824 -.00025866  00000-0 -55360-3 0  9993
2 44264  52.9962 156.2230 0001258 105.5177  27.1539 15.43882133 60771
0 STARLINK-63
1 44265U 19029AG  20180.16667824 -.00028641  00000-0 -61413-3 0  9994
2 44265  52.9956 155.5921 0001166  95.6650  43.0091 15.43885748 60817
0 STARLINK-54
1 44266U 19029AH  20180.16667824 -.00025139  00000-0 -53760-3 0  9990
2 44266  52.9974 155.5552 0001513  73.0186 209.6994 15.43888561 60737
0 STARLINK-69
1 44267U 19029AJ  20180.16667824 -.00021451  00000-0 -45715-3 0  9995
2 44267  52.9984 155.4421 0001204 109.5768 101.0855 15.43891282 60781
0 STARLINK-55
1 44268U 19029AK  20180.16667824  .00010597  00000-0  13524-3 0  9996
2 44268  52.9938 111.0545 0001305  57.1165 194.5331 15.59913290 61370
0 STARLINK-57
1 44269U 19029AL  20180.16667824 -.00020629  00000-0 -43936-3 0  9996
2 44269  53.0004 155.9816 0001313  93.7781 152.8778 15.43882605 60823
0 STARLINK-58
1 44270U 19029AM  20180.16667824  .06952652  00000-0  56893-1 0  9996
2 44270  52.9981 121.3656 0002448 204.2393 330.3324 15.65786935 61301
0 STARLINK-59
1 44271U 19029AN  20180.16667824 -.00029452  00000-0 -63166-3 0  9999
2 44271  52.9947 155.5134 0001214  88.7233  13.9744 15.43893434 60816
0 STARLINK-51
1 44272U 19029AP  20180.16667824 -.00026729  00000-0 -57221-3 0  9999
2 44272  52.9944 156.1380 0001365  84.8700  41.8165 15.43893571 60771
0 STARLINK-60
1 44273U 19029AQ  20180.03234759  .00029404  00000-0  36464-3 0  9990
2 44273  52.9961  50.6489 0006930 109.7304 250.4455 15.59794860 62241
0 STARLINK-62
1 44274U 19029AR  20180.16667824  .00009059  00000-0  79570-4 0  9998
2 44274  53.0040 119.8062 0001206 116.3718 259.8000 15.69699916 61280
0 STARLINK-64
1 44275U 19029AS  20180.16667824 -.00013796  00000-0 -35209-3 0  9994
2 44275  52.9907 133.8169 0006519   2.6792  38.5301 15.38127195 61081
0 STARLINK-65
1 44276U 19029AT  20180.16667824 -.00027149  00000-0 -59576-3 0  9995
2 44276  52.9990 156.4140 0001588  54.6154 234.9976 15.43174255 60796
0 STARLINK-41
1 44277U 19029AU  20180.16667824  .00018461  00000-0  15670-3 0  9998
2 44277  53.0057 111.8244 0001685  42.5256  16.8284 15.69737605 61411
0 STARLINK-68
1 44279U 19029AW  20180.25001157  .03368750  00000-0  61999-1 0  9996
2 44279  52.9950 154.7637 0002650 205.0619   5.9246 15.45181219 60770
0 STARLINK-38
1 44280U 19029AX  20180.16667824 -.00030256  00000-0 -64942-3 0  9996
2 44280  52.9982 156.0772 0001378  78.9820   5.6834 15.43884233 60807
0 STARLINK-70
1 44281U 19029AY  20180.16667824 -.00028835  00000-0 -89951-3 0  9994
2 44281  52.9983 157.2004 0000614  79.0423  44.7750 15.32447706 60723
0 STARLINK-80
1 44282U 19029AZ  20180.10126240  .00002975  00000-0  12939-3 0  9998
2 44282  53.0249 124.0743 0002684 286.4478  73.6224 15.25447114 61235
0 STARLINK-56
1 44283U 19029BA  20180.16667824 -.00030386  00000-0 -65219-3 0  9991
2 44283  52.9977 156.1600 0001293  79.9165  16.7457 15.43887675 60801
0 STARLINK-73
1 44284U 19029BB  20180.16667824 -.00030213  00000-0 -64858-3 0  9999
2 44284  52.9977 156.1338 0001314  88.9411   1.6795 15.43880407 60790
0 STARLINK-50
1 44285U 19029BC  20180.16667824 -.00028706  00000-0 -61545-3 0  9994
2 44285  53.0011 157.5461 0001338  90.1479  18.5297 15.43889614 61838
0 STARLINK-75
1 44286U 19029BD  20180.16667824  .00010827  00000-0  10200-3 0  9990
2 44286  53.0052 113.2884 0007320 280.9030 234.4232 15.67698152 62459
0 STARLINK-76
1 44287U 19029BE  20180.16667824 -.00024169  00000-0 -51658-3 0  9999
2 44287  52.9967 156.3077 0001109 101.4904  85.1765 15.43881904 61859
0 STARLINK-79
1 44288U 19029BF  20180.16667824 -.00021377  00000-0 -45578-3 0  9992
2 44288  53.0083 156.7969 0001325  89.2328 169.4087 15.43874931 61853
0 STARLINK-48
1 44289U 19029BG  20180.04364288  .00000051  00000-0  17110-4 0  9994
2 44289  53.0031 134.8715 0000131 215.2628 144.8358 15.20004099 62136
0 STARLINK-78
1 44290U 19029BH  20180.16667824 -.00021300  00000-0 -45386-3 0  9998
2 44290  53.0078 156.6860 0001503  76.4853 176.2266 15.43890948 61859
0 STARLINK-77
1 44291U 19029BJ  20180.16667824 -.00025056  00000-0 -53570-3 0  9995
2 44291  53.0093 156.8742 0001317  81.8167 194.8670 15.43894206 61855
0 STARLINK-81
1 44292U 19029BK  20180.16667824 -.00025548  00000-0 -54643-3 0  9994
2 44292  53.0092 156.8997 0001507  60.6004 228.0956 15.43893986 61843
0 STARLINK-74
1 44293U 19029BL  20180.16667824 -.00021593  00000-0 -46064-3 0  9999
2 44293  53.0065 156.7372 0001074  87.5400 141.1915 15.43866779 61858
0 STARLINK-53
1 44294U 19029BM  20180.16667824 -.00028848  00000-0 -61904-3 0  9990
2 44294  52.9961 155.4835 0001348  84.0283 348.5452 15.43866095 61857
0 STARLINK-1007
1 44713U 19074A   20180.16667824 -.00027441  00000-0 -18710-2 0  9990
2 44713  52.9988 166.4500 0001232  90.5936 181.4977 15.05588845 35356
0 STARLINK-1008
1 44714U 19074B   20180.16667824 -.00030564  00000-0 -20868-2 0  9998
2 44714  53.0001 166.4447 0001577  82.5945 279.3774 15.05592258 35353
0 STARLINK-1009
1 44715U 19074C   20180.16667824 -.00032683  00000-0 -22343-2 0  9993
2 44715  52.9987 166.4516 0001368  85.8586 330.2392 15.05579564 35344
0 STARLINK-1010
1 44716U 19074D   20180.25001157  .05396711  00000-0  33789+0 0  9996
2 44716  52.9852 166.1228 0002722 182.3932  20.8344 15.04180479 35369
0 STARLINK-1011
1 44717U 19074E   20180.16667824 -.00027098  00000-0 -18474-2 0  9999
2 44717  52.9991 186.4517 0001272  93.4576 194.4979 15.05586777 35077
0 STARLINK-1012
1 44718U 19074F   20180.16667824 -.00029331  00000-0 -20017-2 0  9998
2 44718  53.0006 166.4484 0001423  96.4196  31.5953 15.05589451 35353
0 STARLINK-1013
1 44719U 19074G   20180.16667824 -.00032468  00000-0 -22188-2 0  9995
2 44719  53.0004 166.4499 0001480  91.3933 342.6010 15.05589975 35344
0 STARLINK-1014
1 44720U 19074H   20180.16667824 -.00029539  00000-0 -20159-2 0  9998
2 44720  53.0010 166.4448 0006220 119.9871 224.0668 15.05573157 35350
0 STARLINK-1015
1 44721U 19074J   20180.16667824 -.00032523  00000-0 -22222-2 0  9999
2 44721  52.9986 166.4586 0001372  97.7053 300.3264 15.05596074 35344
0 STARLINK-1016
1 44722U 19074K   20180.16667824 -.00023505  00000-0 -15978-2 0  9990
2 44722  53.0004 166.4401 0001507  89.2278 290.8363 15.05615434 35355
0 STARLINK-1017
1 44723U 19074L   20180.16667824 -.00018780  00000-0 -12734-2 0  9997
2 44723  53.0011 166.4486 0000987  66.5765 241.5002 15.05572647 35358
0 STARLINK-1019
1 44724U 19074M   20180.16667824 -.00029036  00000-0 -19811-2 0  9997
2 44724  53.0004 166.4491 0001378  89.7996  56.2166 15.05593254 35354
0 STARLINK-1020
1 44725U 19074N   20180.16667824 -.00033352  00000-0 -22787-2 0  9990
2 44725  53.0005 186.4471 0001109  92.5225 339.3552 15.05611285 35062
0 STARLINK-1021
1 44726U 19074P   20180.16667824 -.00028613  00000-0 -19510-2 0  9995
2 44726  52.9985 166.4506 0001378  95.2189  68.8058 15.05608894 35351
0 STARLINK-1022
1 44727U 19074Q   20180.16667824 -.00019311  00000-0 -13089-2 0  9996
2 44727  53.0050 206.4244 0001473  99.7841 134.3814 15.05604266 34808
0 STARLINK-1023
1 44728U 19074R   20180.16667824 -.00027630  00000-0 -18834-2 0  9993
2 44728  53.0000 166.4476 0001113  81.9402 208.1751 15.05602429 35353
0 STARLINK-1024
1 44729U 19074S   20180.16667824 -.00028527  00000-0 -19453-2 0  9998
2 44729  52.9990 186.4459 0000802  90.5886 251.2906 15.05605608 35071
0 STARLINK-1025
1 44730U 19074T   20180.16667824 -.00028731  00000-0 -19589-2 0  9997
2 44730  53.0003 166.4475 0001254  90.1511 235.8399 15.05614166 35353
0 STARLINK-1026
1 44731U 19074U   20180.16667824 -.00031622  00000-0 -21599-2 0  9995
2 44731  52.9987 166.4482 0001373  83.7456   8.3102 15.05595381 35340
0 STARLINK-1027
1 44732U 19074V   20180.16667824 -.00031948  00000-0 -21824-2 0  9998
2 44732  52.9990 186.4475 0001433  96.9266  28.9528 15.05596407 35060
0 STARLINK-1028
1 44733U 19074W   20180.16667824 -.00028328  00000-0 -19321-2 0  9996
2 44733  52.9991 166.4484 0001508 102.4376  79.5588 15.05592630 35352
0 STARLINK-1029
1 44734U 19074X   20180.16667824 -.00000810  00000-0 -32393-5 0  9990
2 44734  52.9971 124.6064 0005218  13.7625 120.9531 15.61306551 35934
0 STARLINK-1030
1 44735U 19074Y   20180.16667824 -.00032990  00000-0 -22546-2 0  9991
2 44735  52.9998 186.4478 0001429  91.5963 358.2838 15.05595681 35060
0 STARLINK-1031
1 44736U 19074Z   20180.16667824 -.00030127  00000-0 -20565-2 0  9991
2 44736  52.9972 186.4603 0001409  82.0397 277.8296 15.05594064 35076
0 STARLINK-1032
1 44737U 19074AA  20180.16667824 -.00031814  00000-0 -21735-2 0  9996
2 44737  52.9995 186.4480 0001362  91.5185 214.4525 15.05590586 35070
0 STARLINK-1033
1 44738U 19074AB  20180.16667824 -.00031861  00000-0 -21770-2 0  9998
2 44738  52.9983 186.4554 0001517 101.3813 276.5534 15.05586087 35069
0 STARLINK-1034
1 44739U 19074AC  20180.16667824 -.00033185  00000-0 -22675-2 0  9995
2 44739  53.0002 186.4471 0000595  88.0404 325.8964 15.05606790 35063
0 STARLINK-1035
1 44740U 19074AD  20180.16667824 -.00027348  00000-0 -18644-2 0  9992
2 44740  52.9990 186.4488 0001236  95.8884 228.0396 15.05592270 35079
0 STARLINK-1036
1 44741U 19074AE  20180.16667824 -.00027270  00000-0 -18586-2 0  9992
2 44741  53.0010 186.4475 0001218 102.9331 166.9514 15.05600904 35074
0 STARLINK-1037
1 44742U 19074AF  20180.10654996  .00000746  00000-0  69609-4 0  9994
2 44742  52.9980 186.4892 0001699  79.7952 280.3228 15.06017243 35066
0 STARLINK-1038
1 44743U 19074AG  20180.16667824 -.00021880  00000-0 -14861-2 0  9997
2 44743  53.0012 206.4480 0001063 110.9773 231.3018 15.05606235 34791
0 STARLINK-1039
1 44744U 19074AH  20180.16667824 -.00020092  00000-0 -13628-2 0  9992
2 44744  53.0000 206.4478 0000772 105.4271 200.8193 15.05605496 34797
0 STARLINK-1040
1 44745U 19074AJ  20180.18266404  .00065542  12997-4  15639-3 0  9998
2 44745  52.9788  93.2015 0000555 160.4409 199.6639 15.96880212 36367
0 STARLINK-1041
1 44746U 19074AK  20180.16667824 -.00022069  00000-0 -14998-2 0  9991
2 44746  53.0013 206.4466 0001189  99.4978 260.6987 15.05589859 34798
0 STARLINK-1042
1 44747U 19074AL  20180.16667824 -.00019333  00000-0 -13107-2 0  9993
2 44747  53.0048 206.4274 0001117 104.3344 111.9083 15.05598472 34806
0 STARLINK-1043
1 44748U 19074AM  20180.16667824 -.00020711  00000-0 -14059-2 0  9993
2 44748  53.0014 206.4461 0001336  96.8670 335.3598 15.05593925 34797
0 STARLINK-1044
1 44749U 19074AN  20180.16667824 -.00027859  00000-0 -18991-2 0  9993
2 44749  52.9996 186.4464 0000989 104.0283 147.9268 15.05605204 35077
0 STARLINK-1045
1 44750U 19074AP  20180.16667824 -.00022776  00000-0 -15473-2 0  9990
2 44750  52.9990 206.4512 0001002  91.6653 196.5788 15.05621824 34790
0 STARLINK-1046
1 44751U 19074AQ  20180.16667824 -.00021840  00000-0 -14840-2 0  9999
2 44751  53.0004 206.4473 0000881  98.6007 225.6302 15.05589604 34794
0 STARLINK-1047
1 44752U 19074AR  20180.16667824 -.00028512  00000-0 -19455-2 0  9990
2 44752  52.9993 186.4476 0001032  94.9001 139.0055 15.05581030 35072
0 STARLINK-1048
1 44753U 19074AS  20180.16667824 -.00027522  00000-0 -18764-2 0  9993
2 44753  53.0007 166.4507 0001350  89.9347 164.1430 15.05593099 35359
0 STARLINK-1049
1 44754U 19074AT  20180.16667824 -.00027808  00000-0 -18965-2 0  9994
2 44754  52.9995 166.4496 0001492  88.6620 147.4096 15.05585765 35351
0 STARLINK-1050
1 44755U 19074AU  20180.16667824 -.00019495  00000-0 -13221-2 0  9998
2 44755  53.0039 206.4202 0001560 102.6143 167.5919 15.05589560 34809
0 STARLINK-1051
1 44756U 19074AV  20180.16667824 -.00028015  00000-0 -19099-2 0  9996
2 44756  53.0005 166.4480 0000981  81.8312 136.1879 15.05604536 35357
0 STARLINK-1052
1 44757U 19074AW  20180.16667824 -.00030221  00000-0 -20621-2 0  9992
2 44757  53.0006 186.4495 0001068  97.4722  64.4144 15.05611668 35073
0 STARLINK-1053
1 44758U 19074AX  20180.16667824 -.00030491  00000-0 -20820-2 0  9993
2 44758  53.0007 206.4333 0001360  99.9883  44.2877 15.05588863 34808
0 STARLINK-1054
1 44759U 19074AY  20180.16667824 -.00019410  00000-0 -13162-2 0  9993
2 44759  53.0030 206.4297 0001269 117.0741  63.0740 15.05591431 34800
0 STARLINK-1055
1 44760U 19074AZ  20180.16667824 -.00018904  00000-0 -12812-2 0  9993
2 44760  53.0052 206.4238 0001127 108.2277 143.9356 15.05594400 34800
0 STARLINK-1056
1 44761U 19074BA  20180.16667824 -.00018970  00000-0 -12862-2 0  9992
2 44761  53.0042 206.4293 0001367 109.0834  89.1232 15.05581358 34807
0 STARLINK-1057
1 44762U 19074BB  20180.16667824 -.00029904  00000-0 -20411-2 0  9991
2 44762  53.0006 186.4472 0001112 103.3634  76.5250 15.05593864 35072
0 STARLINK-1058
1 44763U 19074BC  20180.16667824 -.00020490  00000-0 -13902-2 0  9990
2 44763  52.9993 206.4418 0000987 120.2834 329.9305 15.05605439 34794
0 STARLINK-1059
1 44764U 19074BD  20180.16667824 -.00029246  00000-0 -19949-2 0  9996
2 44764  52.9985 186.4483 0000715  88.5626 109.2932 15.05607623 35073
0 STARLINK-1060
1 44765U 19074BE  20180.16667824 -.00032774  00000-0 -22384-2 0  9994
2 44765  52.9978 186.4494 0001459  94.6952  13.2193 15.05615746 35061
0 STARLINK-1061
1 44766U 19074BF  20180.16667824 -.00020309  00000-0 -13784-2 0  9990
2 44766  53.0022 206.4391 0001321  99.6342  26.6039 15.05588093 34801
0 STARLINK-1062
1 44767U 19074BG  20180.16667824 -.00019199  00000-0 -13015-2 0  9993
2 44767  53.0020 206.4300 0001189 103.1803  59.0078 15.05595477 34802
0 STARLINK-1063
1 44768U 19074BH  20180.16667824 -.00038518  00000-0 -26377-2 0  9995
2 44768  53.0006 206.4436 0001124 106.1817 290.0855 15.05595186 34799
0 STARLINK-1064
1 44769U 19074BJ  20180.16667824 -.00020754  00000-0 -14094-2 0  9992
2 44769  52.9988 206.4485 0000536 109.0054 269.2039 15.05581473 34798
0 STARLINK-1065
1 44770U 19074BK  20180.07049986  .00000647  00000-0  62945-4 0  9994
2 44770  53.0032 206.6929 0001340  57.3691 302.7426 15.06004290 34783
0 STARLINK-1067
1 44771U 19074BL  20180.16667824 -.00020732  00000-0 -14068-2 0  9992
2 44771  53.0002 206.4372 0001116  95.1734  13.0872 15.05608156 34798
0 STARLINK-1068
1 44772U 19074BM  20180.16667824 -.00031161  00000-0 -21280-2 0  9995
2 44772  52.9982 186.4478 0001136  96.7693  47.0668 15.05594972 35073
0 STARLINK-1073
1 44914U 20001A   20180.16667824 -.00004205  00000-0 -26976-3 0  9992
2 44914  52.9991 326.4492 0001435 118.8148  84.6888 15.05560232 26271
0 STARLINK-1084
1 44915U 20001B   20180.16667824 -.00002166  00000-0 -12945-3 0  9998
2 44915  53.0000 326.4482 0001235 102.3436 299.0417 15.05609882 26286
0 STARLINK-1097
1 44916U 20001C   20180.16667824 -.00001618  00000-0 -91904-4 0  9993
2 44916  53.0000 326.4489 0001560 116.9588 230.4934 15.05584469 26279
0 STARLINK-1098
1 44917U 20001D   20180.16667824 -.00001664  00000-0 -95073-4 0  9996
2 44917  53.0006 326.4466 0001417 106.2911 277.1736 15.05571148 26283
0 STARLINK-1099
1 44918U 20001E   20180.16667824 -.00001012  00000-0 -50277-4 0  9991
2 44918  53.0013 326.4469 0001499 118.9495 210.4736 15.05578720 27017
0 STARLINK-1101
1 44919U 20001F   20180.16667824 -.00001196  00000-0 -62900-4 0  9991
2 44919  52.9996 326.4478 0001345 134.5771 122.8169 15.05581583 26271
0 STARLINK-1102
1 44920U 20001G   20180.16667824 -.00002155  00000-0 -12869-3 0  9997
2 44920  52.9998 326.4481 0001436 110.9082 128.4840 15.05608847 26274
0 STARLINK-1103
1 44921U 20001H   20180.16667824 -.00001100  00000-0 -56347-4 0  9997
2 44921  53.0001 326.4476 0001216 126.1090 149.3026 15.05564668 26270
0 STARLINK-1104
1 44922U 20001J   20180.16667824 -.00000887  00000-0 -41726-4 0  9994
2 44922  52.9990 326.4450 0001207 118.0157 193.3123 15.05577580 26276
0 STARLINK-1106
1 44923U 20001K   20180.16667824 -.00003325  00000-0 -20898-3 0  9991
2 44923  52.9998 326.4499 0001341 118.8748  48.5351 15.05608714 26279
0 STARLINK-1111
1 44924U 20001L   20180.16667824 -.00002701  00000-0 -16626-3 0  9993
2 44924  52.9994 326.4491 0001299 121.8871  99.5225 15.05587129 26273
0 STARLINK-1112
1 44925U 20001M   20180.16667824 -.00003160  00000-0 -19766-3 0  9992
2 44925  52.9985 326.4449 0001364 108.4986  40.9175 15.05609113 26270
0 STARLINK-1113
1 44926U 20001N   20180.16667824 -.00002927  00000-0 -18188-3 0  9990
2 44926  53.0003 326.4395 0001373 113.3558   0.1014 15.05569618 27023
0 STARLINK-1114
1 44927U 20001P   20180.16667824 -.00002428  00000-0 -14747-3 0  9994
2 44927  52.9990 326.4451 0001239 116.4594 320.9868 15.05593481 26287
0 STARLINK-1119
1 44928U 20001Q   20180.16667824 -.00002674  00000-0 -16441-3 0  9991
2 44928  52.9995 326.4464 0001111 120.4298 335.0685 15.05590723 26282
0 STARLINK-1121
1 44929U 20001R   20180.16667824 -.00003146  00000-0 -19687-3 0  9992
2 44929  52.9981 326.4467 0001531 108.4894  76.9093 15.05571088 26271
0 STARLINK-1123
1 44930U 20001S   20180.16667824 -.00002037  00000-0 -12070-3 0  9991
2 44930  53.0017 326.4483 0001277 105.8736 259.5754 15.05564835 26282
0 STARLINK-1128
1 44931U 20001T   20180.16667824 -.00003107  00000-0 -19426-3 0  9993
2 44931  53.0000 326.4402 0001418 115.2972  16.1520 15.05562239 27027
0 STARLINK-1130
1 44932U 20001U   20180.16667824 -.00002324  00000-0 -14042-3 0  9993
2 44932  53.0013 326.4481 0001522 115.1149 304.2934 15.05576326 27516
0 STARLINK-1144
1 44933U 20001V   20180.16667824 -.00000667  00000-0 -26608-4 0  9994
2 44933  53.0004 326.4520 0001393 111.5048 181.8527 15.05576016 27563
0 STARLINK-1071
1 44934U 20001W   20180.16667824  .00024478  00000-0  16935-2 0  9999
2 44934  52.9993 306.4494 0001111 116.5846  70.9432 15.05576072 26559
0 STARLINK-1072
1 44935U 20001X   20180.16667824  .00029195  00000-0  20153-2 0  9998
2 44935  53.0007 306.4489 0001232 114.2714 235.2996 15.05567130 26551
0 STARLINK-1078
1 44936U 20001Y   20180.16667824  .00026176  00000-0  18101-2 0  9995
2 44936  52.9984 306.4455 0001468 111.7219 111.7951 15.05557278 26551
0 STARLINK-1079
1 44937U 20001Z   20180.16667824  .00029188  00000-0  20154-2 0  9993
2 44937  52.9994 306.4427 0001366 113.6397 199.9333 15.05556310 26555
0 STARLINK-1082
1 44938U 20001AA  20180.16667824  .00025228  00000-0  17444-2 0  9993
2 44938  52.9982 306.4493 0001140 109.8625 347.7052 15.05580056 26552
0 STARLINK-1083
1 44939U 20001AB  20180.16667824  .00025899  00000-0  17914-2 0  9990
2 44939  52.9957 306.4686 0001548 116.3670 305.2025 15.05554254 26554
0 STARLINK-1091
1 44940U 20001AC  20180.16667824  .00027700  00000-0  19140-2 0  9998
2 44940  52.9920 306.4902 0001365 108.8826 258.6263 15.05557166 26553
0 STARLINK-1094
1 44941U 20001AD  20180.16667824  .00028289  00000-0  19546-2 0  9992
2 44941  53.0008 306.4465 0001217 117.4803 142.1085 15.05548212 26555
0 STARLINK-1096
1 44942U 20001AE  20180.16667824  .00028995  00000-0  20024-2 0  9990
2 44942  52.9999 306.4460 0001313 119.5746 212.0058 15.05553502 26559
0 STARLINK-1100
1 44943U 20001AF  20180.16667824  .00025519  00000-0  17649-2 0  9999
2 44943  52.9952 306.4588 0001356 104.2941 335.1946 15.05566258 26550
0 STARLINK-1108
1 44944U 20001AG  20180.16667824  .00025499  00000-0  17632-2 0  9999
2 44944  52.9991 306.4486 0001258 115.0155  90.5841 15.05573187 26554
0 STARLINK-1109
1 44945U 20001AH  20180.16667824  .00027123  00000-0  18750-2 0  9998
2 44945  52.9934 306.4840 0001353 119.4421 266.1469 15.05550596 26552
0 STARLINK-1110
1 44946U 20001AJ  20179.86735425  .00000747  00000-0  70195-4 0  9993
2 44946  53.0042 307.7761 0002052 123.3095 236.8090 15.05712598 26511
0 STARLINK-1116
1 44947U 20001AK  20180.16667824  .00029375  00000-0  20267-2 0  9997
2 44947  53.0002 306.4467 0001141 115.0526 180.6435 15.05582296 26555
0 STARLINK-1122
1 44949U 20001AM  20180.16667824  .00028430  00000-0  19641-2 0  9994
2 44949  52.9996 306.4477 0001277 125.8353   7.6710 15.05550490 26550
0 STARLINK-1125
1 44950U 20001AN  20180.16667824  .00026441  00000-0  18270-2 0  9993
2 44950  52.9948 306.4728 0001268 112.0169 291.5287 15.05580814 26557
0 STARLINK-1126
1 44951U 20001AP  20179.74648497 -.00000195  00000-0  57851-5 0  9991
2 44951  53.0036 308.3371 0001620 128.6034 231.5099 15.05613423 27783
0 STARLINK-1117
1 44952U 20001AQ  20180.16667824  .00027532  00000-0  19020-2 0  9991
2 44952  52.9991 306.4482 0001363 112.2351 129.3387 15.05567801 26555
0 STARLINK-1124
1 44953U 20001AR  20180.16667824  .00024112  00000-0  16684-2 0  9996
2 44953  52.9984 306.4483 0000956 123.2717  28.3574 15.05579714 27849
0 STARLINK-1066
1 44954U 20001AS  20180.16667824  .00043286  00000-0  29724-2 0  9999
2 44954  53.0003 286.4462 0001291 144.2870 225.4777 15.05572338 26786
0 STARLINK-1069
1 44955U 20001AT  20180.16667824  .00043877  00000-0  30141-2 0  9991
2 44955  53.0000 286.4421 0001524 112.7769 202.8873 15.05552117 26773
0 STARLINK-1070
1 44956U 20001AU  20180.16667824  .00095224  00000-0  64703-2 0  9996
2 44956  52.9979 286.4453 0001254 108.1789 225.4326 15.05560366 26839
0 STARLINK-1074
1 44957U 20001AV  20180.16667824  .00041606  00000-0  28589-2 0  9994
2 44957  52.9977 286.4462 0001307 126.3644  63.3657 15.05566486 26834
0 STARLINK-1075
1 44958U 20001AW  20180.16667824  .00042936  00000-0  29490-2 0  9994
2 44958  52.9992 286.4505 0001272 113.0736 112.6419 15.05567992 26833
0 STARLINK-1076
1 44959U 20001AX  20180.16667824  .00038824  00000-0  26691-2 0  9996
2 44959  52.9942 286.4712 0001143 115.9692   1.7302 15.05579662 26834
0 STARLINK-1077
1 44960U 20001AY  20180.16667824  .00105425  00000-0  71508-2 0  9997
2 44960  52.9999 286.4481 0001293 107.0479 136.5858 15.05561711 26831
0 STARLINK-1080
1 44961U 20001AZ  20180.16667824  .00040256  00000-0  27671-2 0  9990
2 44961  53.0029 286.4293 0001104 122.9232 318.7462 15.05569247 26841
0 STARLINK-1081
1 44962U 20001BA  20180.16667824  .00043539  00000-0  29913-2 0  9999
2 44962  52.9984 286.4451 0001447 119.3604 232.3262 15.05550323 26832
0 STARLINK-1085
1 44963U 20001BB  20180.16667824  .00043950  00000-0  30200-2 0  9998
2 44963  52.9988 286.4414 0001386 106.0846 191.6511 15.05540336 27578
0 STARLINK-1086
1 44964U 20001BC  20180.16667824  .00043910  00000-0  30162-2 0  9992
2 44964  52.9988 286.4495 0001468 121.4120 158.2349 15.05553763 26839
0 STARLINK-1088
1 44966U 20001BE  20180.16667824  .00038506  00000-0  26483-2 0  9990
2 44966  52.9969 286.4463 0001144 123.8242  29.8894 15.05568595 26834
0 STARLINK-1089
1 44967U 20001BF  20180.16667824  .00042020  00000-0  28862-2 0  9990
2 44967  52.9987 286.4407 0001160 145.3284 260.4074 15.05576415 26840
0 STARLINK-1090
1 44968U 20001BG  20180.16667824  .00041355  00000-0  28430-2 0  9992
2 44968  53.0008 286.4446 0001301  88.6098 335.0425 15.05551998 26847
0 STARLINK-1092
1 44969U 20001BH  20180.16667824  .00039277  00000-0  27015-2 0  9991
2 44969  52.9907 286.4905 0001236 107.8892 351.7867 15.05557470 26832
0 STARLINK-1093
1 44970U 20001BJ  20180.16667824  .00042438  00000-0  29146-2 0  9993
2 44970  52.9981 286.4472 0001090 126.9812  80.7502 15.05576021 26835
0 STARLINK-1095
1 44971U 20001BK  20180.16667824  .00043705  00000-0  30025-2 0  9990
2 44971  52.9992 286.4502 0001239 124.5163 137.2182 15.05551518 26836
0 STARLINK-1107
1 44972U 20001BL  20180.16667824  .00042764  00000-0  29371-2 0  9997
2 44972  53.0000 286.4415 0000846 111.3625 276.3964 15.05571515 26845
0 STARLINK-1115
1 44973U 20001BM  20180.16667824  .00038868  00000-0  26734-2 0  9998
2 44973  52.9949 286.4628 0001389 112.6675  22.9893 15.05561369 26835
0 STARLINK-1132
1 45044U 20006A   20179.91667824 -.00005998 +00000-0 -39290-3 0  9996
2 45044 053.0002 247.5659 0001139 106.3053 333.8882 15.05573437001768
0 STARLINK-1120
1 45045U 20006B   20179.91667824 -.00035513 +00000-0 -24294-2 0  9990
2 45045 052.9980 267.5719 0001356 111.5282 326.4916 15.05594822001761
0 STARLINK-1129
1 45046U 20006C   20179.91667824 -.00030565 +00000-0 -20870-2 0  9999
2 45046 052.9980 267.5780 0001338 099.6876 284.3529 15.05591070001769
0 STARLINK-1131
1 45047U 20006D   20179.91667824 -.00035080 +00000-0 -24000-2 0  9996
2 45047 052.9981 267.5701 0000996 113.1465 306.8912 15.05585820001761
0 STARLINK-1134
1 45048U 20006E   20179.91667824 -.00038619 +00000-0 -26423-2 0  9999
2 45048 052.9997 267.5663 0001319 112.0155 253.9991 15.05629325001768
0 STARLINK-1135
1 45049U 20006F   20179.91667824 -.00032924 +00000-0 -22509-2 0  9994
2 45049 052.9993 267.5724 0001199 106.3997 241.6472 15.05581026001751
0 STARLINK-1140
1 45050U 20006G   20179.91667824 -.00028634 +00000-0 -19523-2 0  9991
2 45050 052.9981 267.5710 0001031 102.5435 209.5160 15.05612869001752
0 STARLINK-1141
1 45051U 20006H   20179.91667824 -.00033723 +00000-0 -23051-2 0  9998
2 45051 052.9984 267.5702 0001108 108.9254 221.0504 15.05599802001764
0 STARLINK-1148
1 45052U 20006J   20179.91667824 -.00037038 +00000-0 -25341-2 0  9996
2 45052 052.9988 267.5752 0000874 123.6528 152.3536 15.05610535001769
0 STARLINK-1155
1 45053U 20006K   20179.91667824 -.00032790 +00000-0 -22412-2 0  9993
2 45053 052.9989 267.5731 0001417 107.5619 060.4655 15.05587847001764
0 STARLINK-1156
1 45054U 20006L   20179.91667824 -.00037357 +00000-0 -25564-2 0  9999
2 45054 052.9994 267.5721 0001339 117.3112 176.7259 15.05606217001753
0 STARLINK-1157
1 45055U 20006M   20179.91667824 +.00417734 +00000-0 +16310-2 0  9998
2 45055 052.9983 246.2677 0001173 063.2925 165.7383 15.85413311023493
0 STARLINK-1158
1 45056U 20006N   20179.91667824 -.00036784 +00000-0 -25182-2 0  9990
2 45056 052.9964 267.5777 0001329 094.6529 163.4244 15.05584260001751
0 STARLINK-1159
1 45057U 20006P   20179.91667824 -.00035160 +00000-0 -24059-2 0  9990
2 45057 052.9980 267.5675 0001288 108.8074 095.2549 15.05580619001758
0 STARLINK-1162
1 45058U 20006Q   20179.91667824 -.00036472 +00000-0 -24958-2 0  9996
2 45058 052.9986 267.5670 0001359 120.5957 119.4396 15.05595921001751
0 STARLINK-1165
1 45059U 20006R   20179.91667824 -.00032444 +00000-0 -22160-2 0  9995
2 45059 053.0001 267.5652 0001017 120.0785 012.0159 15.05609609001762
0 STARLINK-1166
1 45060U 20006S   20179.91667824 -.00032130 +00000-0 -21953-2 0  9998
2 45060 052.9987 267.5732 0000925 113.5381 036.4223 15.05592552001759
0 STARLINK-1169
1 45061U 20006T   20179.91667824 -.00033036 +00000-0 -22574-2 0  9995
2 45061 052.9997 267.5658 0000983 125.4884 348.5411 15.05602207001768
0 STARLINK-1171
1 45062U 20006U   20179.91667824 -.00044252 +00000-0 -30363-2 0  9993
2 45062 052.9979 267.5704 0000904 110.9587 075.1429 15.05588071001756
0 STARLINK-1178
1 45063U 20006V   20179.91667824 -.00034466 +00000-0 -23565-2 0  9996
2 45063 052.9997 267.5667 0001172 113.2905 342.7343 15.05600427001762
0 STARLINK-1133
1 45064U 20006W   20179.91667824 -.00018995 +00000-0 -12883-2 0  9997
2 45064 053.0003 247.5703 0001212 106.5621 081.6151 15.05570399001756
0 STARLINK-1139
1 45065U 20006X   20179.91667824 -.00017683 +00000-0 -11972-2 0  9999
2 45065 052.9997 247.5674 0001388 106.3232 063.8437 15.05588078001756
0 STARLINK-1145
1 45066U 20006Y   20179.91667824 -.00023206 +00000-0 -15787-2 0  9996
2 45066 052.9984 247.5732 0001199 119.9489 176.2188 15.05580699001755
0 STARLINK-1150
1 45067U 20006Z   20179.91667824 -.00020776 +00000-0 -14102-2 0  9996
2 45067 053.0064 247.5382 0001047 131.0570 093.1028 15.05599299001752
0 STARLINK-1161
1 45068U 20006AA  20179.91667824 -.00020242 +00000-0 -13730-2 0  9991
2 45068 052.9973 247.5790 0000937 114.7636 163.4458 15.05608483001755
0 STARLINK-1163
1 45069U 20006AB  20179.91667824 -.00020024 +00000-0 -13588-2 0  9991
2 45069 052.9980 247.5685 0001348 103.5620 228.6657 15.05584307023479
0 STARLINK-1164
1 45070U 20006AC  20179.91667824 -.00009997 +00000-0 -66822-3 0  9999
2 45070 052.9978 247.5690 0001208 126.3904 241.8328 15.05563087001769
0 STARLINK-1167
1 45071U 20006AD  20179.91667824 -.00019695 +00000-0 -13354-2 0  9997
2 45071 052.9985 247.5715 0001229 117.2022 286.9518 15.05603942001765
0 STARLINK-1168
1 45072U 20006AE  20179.91667824 -.00012886 +00000-0 -86664-3 0  9998
2 45072 053.0001 247.5672 0001023 094.9935 291.1510 15.05588501001768
0 STARLINK-1170
1 45073U 20006AF  20179.91667824 -.00021628 +00000-0 -14689-2 0  9990
2 45073 053.0001 247.5682 0000880 112.9202 129.3320 15.05601774001756
0 STARLINK-1172
1 45074U 20006AG  20179.91667824 -.00022499 +00000-0 -15292-2 0  9999
2 45074 052.9982 247.5749 0000997 097.5193 216.6381 15.05597694001755
0 STARLINK-1174
1 45075U 20006AH  20179.91667824 -.00017036 +00000-0 -11525-2 0  9996
2 45075 052.9993 247.5660 0001087 104.3477 047.8531 15.05592690001755
0 STARLINK-1180
1 45076U 20006AJ  20179.91667824 -.00016357 +00000-0 -11054-2 0  9999
2 45076 053.0005 247.5642 0000747 110.1953 006.0424 15.05602013001768
0 STARLINK-1182
1 45077U 20006AK  20179.91667824 -.00021456 +00000-0 -14572-2 0  9994
2 45077 052.9993 247.5683 0000800 123.9846 226.2188 15.05598207001752
0 STARLINK-1177
1 45078U 20006AL  20179.91667824 -.00018726 +00000-0 -12690-2 0  9990
2 45078 052.9990 247.5713 0001248 112.9833 309.1800 15.05591487001761
0 STARLINK-1149
1 45079U 20006AM  20179.91667824 +.02958161 +00000-0 +18144+0 0  9994
2 45079 052.9856 247.6472 0003615 134.8135 359.2484 15.05485086023129
0 STARLINK-1153
1 45080U 20006AN  20179.91667824 -.00016862 +00000-0 -11409-2 0  9999
2 45080 052.9985 247.5629 0000753 124.8632 333.2689 15.05578673001768
0 STARLINK-1151
1 45081U 20006AP  20179.91667824 -.00019901 +00000-0 -13505-2 0  9996
2 45081 053.0005 247.5611 0001328 105.8973 100.2351 15.05580622001755
0 STARLINK-1160
1 45082U 20006AQ  20179.91667824 -.00021122 +00000-0 -14337-2 0  9999
2 45082 052.9961 247.5911 0001004 103.7007 156.5058 15.05608517001756
0 STARLINK-1190
1 45083U 20006AR  20179.91667824 -.00031200 +00000-0 -21314-2 0  9991
2 45083 052.9976 267.5695 0001114 113.1550 288.8776 15.05583092001761
0 STARLINK-1173
1 45084U 20006AS  20179.91667824 +.00011846 +00000-0 +83076-3 0  9998
2 45084 053.0036 227.5511 0001050 108.4676 351.8093 15.05583004001765
0 STARLINK-1179
1 45085U 20006AT  20179.91667824 +.00009340 +00000-0 +65937-3 0  9991
2 45085 053.0015 227.5627 0001000 111.6932 006.5438 15.05576098001758
0 STARLINK-1181
1 45086U 20006AU  20179.91667824 +.00009068 +00000-0 +64095-3 0  9993
2 45086 053.0000 227.5609 0001209 084.4841 357.8711 15.05567837023762
0 STARLINK-1185
1 45087U 20006AV  20179.91667824 +.00010140 +00000-0 +71412-3 0  9998
2 45087 053.0004 227.5611 0001202 070.8238 119.4462 15.05579042001753
0 STARLINK-1183
1 45088U 20006AW  20179.91667824 +.00009557 +00000-0 +67428-3 0  9991
2 45088 053.0015 227.5607 0001184 094.7037 329.5816 15.05573809001765
0 STARLINK-1136
1 45089U 20006AX  20179.91667824 +.00009699 +00000-0 +68424-3 0  9996
2 45089 053.0005 227.5624 0001183 083.3145 322.9778 15.05563249001768
0 STARLINK-1176
1 45090U 20006AY  20179.91667824 +.00010626 +00000-0 +74761-3 0  9991
2 45090 053.0000 227.5616 0001273 104.1181 050.1520 15.05567340001758
0 STARLINK-1127
1 45091U 20006AZ  20179.91667824 +.00018826 +00000-0 +13085-2 0  9993
2 45091 052.9985 227.5700 0001390 083.3964 250.9607 15.05559151023751
0 STARLINK-1137
1 45092U 20006BA  20179.91667824 +.00015950 +00000-0 +11111-2 0  9997
2 45092 052.9932 227.6004 0001007 088.8809 209.4614 15.05588914001757
0 STARLINK-1142
1 45093U 20006BB  20179.91667824 +.00017990 +00000-0 +12515-2 0  9993
2 45093 052.9904 227.6130 0001415 108.4737 207.7806 15.05556419001758
0 STARLINK-1146
1 45094U 20006BC  20179.91667824 +.00012057 +00000-0 +84468-3 0  9990
2 45094 053.0087 227.5172 0001272 080.1893 164.1029 15.05604158001755
0 STARLINK-1147
1 45095U 20006BD  20179.91667824 +.00010025 +00000-0 +70625-3 0  9994
2 45095 053.0008 227.5624 0001156 069.7521 156.5523 15.05579545001758
0 STARLINK-1152
1 45096U 20006BE  20179.91667824 +.00012007 +00000-0 +84144-3 0  9998
2 45096 052.9863 227.6401 0001413 084.3503 177.9896 15.05595431001751
0 STARLINK-1175
1 45097U 20006BF  20179.91667824 +.00085368 +00000-0 +31750-3 0  9994
2 45097 052.9970 202.7232 0001098 109.0224 060.0292 15.87340171001785
0 STARLINK-1184
1 45098U 20006BG  20179.91667824 +.00012751 +00000-0 +89323-3 0  9990
2 45098 052.9983 227.5635 0001073 086.7324 265.5575 15.05556628001756
0 STARLINK-1186
1 45099U 20006BH  20179.91667824 +.00010225 +00000-0 +71981-3 0  9996
2 45099 053.0017 227.5601 0000914 092.9120 079.4083 15.05583740001757
0 STARLINK-1193
1 45100U 20006BJ  20179.91667824 +.00012349 +00000-0 +86553-3 0  9999
2 45100 052.9997 227.5629 0001359 113.7173 256.5964 15.05566033001762
0 STARLINK-1194
1 45101U 20006BK  20179.91667824 +.00011362 +00000-0 +79785-3 0  9993
2 45101 052.9990 227.5652 0001140 093.4640 294.8214 15.05573757001767
0 STARLINK-1195
1 45102U 20006BL  20179.91667824 +.00011449 +00000-0 +80384-3 0  9997
2 45102 052.9925 227.6056 0001044 093.0351 187.1976 15.05569859001759
0 STARLINK-1196
1 45103U 20006BM  20179.91667824 +.00009923 +00000-0 +69963-3 0  9992
2 45103 053.0008 227.5615 0001141 087.8441 048.4701 15.05557913001756
0 STARLINK-1138
1 45178U 20012A   20180.16667824 -.00020853  00000-0 -14161-2 0  9996
2 45178  52.9993  26.4513 0001335 101.2246  23.7989 15.05582600 20612
0 STARLINK-1143
1 45179U 20012B   20180.16667824 -.00021524  00000-0 -14617-2 0  9999
2 45179  52.9958  26.4664 0001355  90.3082  16.6852 15.05601169 20611
0 STARLINK-1192
1 45180U 20012C   20180.16667824 -.00022347  00000-0 -15189-2 0  9990
2 45180  53.0011  26.4489 0001391  98.3805  62.6303 15.05591473 20619
0 STARLINK-1200
1 45181U 20012D   20180.16667824 -.00023394  00000-0 -15906-2 0  9991
2 45181  52.9990  26.4496 0001478  92.4872  86.5747 15.05605641 20617
0 STARLINK-1201
1 45182U 20012E   20180.16667824 -.00035108  00000-0 -24026-2 0  9991
2 45182  53.0052   6.4290 0001422  90.5872 342.5531 15.05575884 20900
0 STARLINK-1202
1 45183U 20012F   20180.16667824 -.00028350  00000-0 -19323-2 0  9997
2 45183  52.9997  26.4490 0001376  89.6647 269.3131 15.05618555 20622
0 STARLINK-1205
1 45184U 20012G   20180.16667824 -.00035791  00000-0 -24476-2 0  9990
2 45184  53.0004   6.4436 0001457  99.5164 297.6635 15.05610798 20877
0 STARLINK-1216
1 45185U 20012H   20180.16667824 -.00027085  00000-0 -18463-2 0  9997
2 45185  53.0009  26.4474 0001460  98.5144 296.4290 15.05589919 20625
0 STARLINK-1224
1 45186U 20012J   20180.16667824 -.00028117  00000-0 -19181-2 0  9993
2 45186  52.9992  26.4509 0001501  96.1830 208.7660 15.05581370 20626
0 STARLINK-1225
1 45187U 20012K   20180.16667824 -.00027416  00000-0 -18693-2 0  9992
2 45187  52.9996  26.4495 0001237  92.3211 194.6923 15.05588153 20375
0 STARLINK-1228
1 45188U 20012L   20180.16667824 -.00025953  00000-0 -17675-2 0  9996
2 45188  52.9953 346.4850 0001512  85.5316 349.7218 15.05601091 20844
0 STARLINK-1230
1 45189U 20012M   20180.16667824 -.00026627  00000-0 -18143-2 0  9997
2 45189  52.9991  26.4512 0001502  85.3246 183.6237 15.05596641 20330
0 STARLINK-1234
1 45190U 20012N   20180.16667824 -.00028307  00000-0 -19310-2 0  9993
2 45190  52.9997 346.4457 0001313  96.1851  15.1150 15.05587038 20853
0 STARLINK-1236
1 45191U 20012P   20180.16667824 -.00024938  00000-0 -16976-2 0  9995
2 45191  52.9999  26.4480 0001536  96.1041 136.9094 15.05597436 20622
0 STARLINK-1237
1 45192U 20012Q   20180.16667824 -.00023719  00000-0 -16127-2 0  9990
2 45192  52.9990  26.4503 0001449 107.4070 269.6232 15.05613332 20331
0 STARLINK-1239
1 45193U 20012R   20180.16667824 -.00024556  00000-0 -16708-2 0  9996
2 45193  53.0010  26.4466 0001564  95.5531 335.4666 15.05605218 20339
0 STARLINK-1240
1 45194U 20012S   20180.16667824 -.00026121  00000-0 -17798-2 0  9997
2 45194  52.9994  26.4491 0001139 105.6757 307.2882 15.05587891 20331
0 STARLINK-1241
1 45195U 20012T   20180.16667824 -.00022620  00000-0 -15366-2 0  9997
2 45195  53.0009  26.4418 0001235  91.1631 357.8024 15.05618807 20338
0 STARLINK-1244
1 45196U 20012U   20180.16667824 -.00021359  00000-0 -14507-2 0  9992
2 45196  53.0004  26.4516 0001320 101.9376  41.0618 15.05592290 20365
0 STARLINK-1269
1 45197U 20012V   20180.16667824 -.00023502  00000-0 -15979-2 0  9999
2 45197  52.9994  26.4491 0001622  96.1224 100.8545 15.05608135 20354
0 STARLINK-1154
1 45198U 20012W   20180.16667824 -.00038777  00000-0 -26553-2 0  9990
2 45198  53.0012   6.4463 0001615  88.0627 182.9932 15.05599865 20602
0 STARLINK-1197
1 45199U 20012X   20180.16667824 -.00038300  00000-0 -26209-2 0  9991
2 45199  52.9992   6.4473 0001455  85.2961 167.8500 15.05618741 20609
0 STARLINK-1198
1 45200U 20012Y   20180.16667824 -.00037562  00000-0 -25710-2 0  9999
2 45200  53.0001   6.4520 0001372  84.9663 150.1215 15.05601334 20609
0 STARLINK-1199
1 45201U 20012Z   20180.16667824 -.00028580  00000-0 -19499-2 0  9997
2 45201  52.9998   6.4529 0001327  75.3827 141.7609 15.05586965 20603
0 STARLINK-1203
1 45202U 20012AA  20179.97084691 -.00002395  00000-0 -14508-3 0  9993
2 45202  52.9851  27.2978 0002065 101.2239 258.8981 15.05613454 20323
0 STARLINK-1204
1 45203U 20012AB  20180.25001157  .05790891  00000-0  35126+0 0  9996
2 45203  52.9956   6.0954 0001226 228.0903 332.9304 15.05009886 20593
0 STARLINK-1206
1 45204U 20012AC  20180.16667824 -.00035626  00000-0 -24377-2 0  9990
2 45204  53.0026   6.4415 0001298  86.5329 328.5879 15.05588116 20617
0 STARLINK-1208
1 45205U 20012AD  20180.16667824 -.00039918  00000-0 -27344-2 0  9996
2 45205  52.9998   6.4447 0001418  88.5610 218.5627 15.05600360 20624
0 STARLINK-1209
1 45206U 20012AE  20180.16667824 -.00031197  00000-0 -24274-2 0  9997
2 45206  53.0000 345.4185 0001336  84.3250 183.1542 15.00702497 20889
0 STARLINK-1210
1 45207U 20012AF  20180.16667824 -.00036271  00000-0 -24828-2 0  9991
2 45207  52.9997   6.4518 0001302  82.7255 116.3695 15.05581692 20601
0 STARLINK-1211
1 45208U 20012AG  20180.16667824 -.00034282  00000-0 -23448-2 0  9999
2 45208  53.0009   6.4502 0001507  85.5163  77.5814 15.05583943 20609
0 STARLINK-1218
1 45209U 20012AH  20180.16667824 -.00036708  00000-0 -25128-2 0  9992
2 45209  53.0003   6.4434 0001653  85.2939 293.8218 15.05585521 20614
0 STARLINK-1219
1 45210U 20012AJ  20180.16667824 -.00041112  00000-0 -28173-2 0  9992
2 45210  53.0008   6.4715 0001407 108.9807  72.1503 15.05599670 20601
0 STARLINK-1231
1 45212U 20012AL  20180.16667824 -.00039126  00000-0 -26791-2 0  9990
2 45212  53.0007   6.4442 0001449  94.3584 248.8048 15.05605969 20611
0 STARLINK-1232
1 45213U 20012AM  20180.16667824 -.00040475  00000-0 -27722-2 0  9995
2 45213  53.0015   6.4455 0001876  88.2200 236.9657 15.05611149 20617
0 STARLINK-1233
1 45214U 20012AN  20180.16667824 -.00034264  00000-0 -23431-2 0  9998
2 45214  52.9992   6.4555 0001195  82.6091  44.5285 15.05591868 20605
0 STARLINK-1245
1 45215U 20012AP  20180.16667824 -.00034694  00000-0 -23734-2 0  9992
2 45215  53.0009   6.4494 0001740  93.9381  51.1755 15.05581979 20600
0 STARLINK-1254
1 45216U 20012AQ  20180.16667824 -.00038406  00000-0 -26291-2 0  9999
2 45216  52.9995   6.4431 0001397  86.9213 274.2124 15.05606365 20614
0 STARLINK-1271
1 45217U 20012AR  20180.16667824 -.00039420  00000-0 -26985-2 0  9997
2 45217  53.0005   6.4444 0001737  99.8925 189.2234 15.05618129 20612
0 STARLINK-1105
1 45218U 20012AS  20180.25001157  .00659631  00000-0  36435-1 0  9999
2 45218  52.9968 346.1230 0003945 118.8770 349.9235 15.11096366 20907
0 STARLINK-1187
1 45219U 20012AT  20180.16667824 -.00029370  00000-0 -19682-2 0  9998
2 45219  53.0019 346.4326 0001997  91.8738 150.0995 15.06261914 20883
0 STARLINK-1188
1 45220U 20012AU  20180.25001157  .02528697  00000-0  14382+0 0  9996
2 45220  52.9932 346.0988 0002198 334.6366 309.0405 15.08910404 20908
0 STARLINK-1189
1 45221U 20012AV  20180.25001157  .02531027  00000-0  14326+0 0  9996
2 45221  52.9928 346.1038 0002744 352.6422 308.0072 15.09086371 20908
0 STARLINK-1191
1 45222U 20012AW  20180.25001157  .02438697  00000-0  13945+0 0  9992
2 45222  52.9956 346.1024 0002287 325.3446 300.7682 15.08842279 20902
0 STARLINK-1212
1 45223U 20012AX  20180.25001157  .00639905  00000-0  35247-1 0  9997
2 45223  52.9994 346.1282 0003619 124.9174   0.3428 15.11271351 20904
0 STARLINK-1214
1 45224U 20012AY  20180.25001157  .01473307  00000-0  85233-1 0  9991
2 45224  52.9973 346.1671 0001239 226.1723 348.5814 15.08466744 20910
0 STARLINK-1215
1 45225U 20012AZ  20180.25001157  .00847092  00000-0  47398-1 0  9997
2 45225  52.9931 346.1109 0003772  79.2547 323.1289 15.10399051 20909
0 STARLINK-1217
1 45226U 20012BA  20180.25001157  .01580752  00000-0  88673-1 0  9997
2 45226  52.9928 346.1060 0003392  46.9866 321.7323 15.09908932 20876
0 STARLINK-1221
1 45227U 20012BB  20180.25001157  .02039704  00000-0  11732+0 0  9995
2 45227  52.9957 346.1021 0001508 299.2818 309.9623 15.08679928 20873
0 STARLINK-1222
1 45228U 20012BC  20180.25001157  .01984022  00000-0  11473+0 0  9999
2 45228  52.9947 346.1229 0001299 242.8413 348.9290 15.08576442 20909
0 STARLINK-1226
1 45229U 20012BD  20180.25001157  .00702357  00000-0  39149-1 0  9990
2 45229  52.9939 346.1131 0004062  85.4339 333.7951 15.10605678 20905
0 STARLINK-1227
1 45230U 20012BE  20180.25001157  .00654900  00000-0  36532-1 0  9995
2 45230  52.9956 346.1177 0004075  97.5082 338.1053 15.10756130 20901
0 STARLINK-1229
1 45231U 20012BF  20180.25001157  .02070498  00000-0  11582+0 0  9998
2 45231  52.9924 346.1034 0003403  32.8013 318.7878 15.09657359 20909
0 STARLINK-1235
1 45232U 20012BG  20180.16667824 -.00032689  00000-0 -22339-2 0  9993
2 45232  53.0014 346.4372 0001295  87.4247 221.7563 15.05593383 20874
0 STARLINK-1238
1 45233U 20012BH  20180.16667824 -.00034997  00000-0 -23944-2 0  9991
2 45233  52.9945   6.4791 0001326  97.5831 353.5158 15.05582939 20600
0 STARLINK-1243
1 45234U 20012BJ  20180.16667824 -.00025582  00000-0 -17425-2 0  9999
2 45234  52.9991  26.4503 0001458  90.0038 161.0193 15.05588272 20357
0 STARLINK-1246
1 45235U 20012BK  20180.25001157 -.00030720  00000-0 -20996-2 0  9998
2 45235  52.9989  26.0743 0001520  87.9348 326.9965 15.05557356 20376
0 STARLINK-1247
1 45236U 20012BL  20180.25001157  .00659001  00000-0  36552-1 0  9990
2 45236  52.9965 346.1176 0004001 105.6126 346.9319 15.10947695 20905
0 STARLINK-1270
1 45237U 20012BM  20180.25001157  .02381531  00000-0  13208+0 0  9994
2 45237  52.9936 346.1045 0003156  18.8302 315.6346 15.09448111 20900
0 STARLINK-1279
1 45360U 20019A   20180.25001157  .02444028  00000-0  74777-1 0  9999
2 45360  53.0041 117.2924 0001625 257.1064 329.2427 15.29951691 16563
0 STARLINK-1301
1 45361U 20019B   20180.16667824 -.00004127  00000-0 -26421-3 0  9996
2 45361  53.0084 126.4096 0001597  67.2648 119.0788 15.05578162 16432
0 STARLINK-1306
1 45362U 20019C   20180.16667824 -.00016783  00000-0 -12385-2 0  9991
2 45362  53.0002 146.1289 0001503  80.9927 178.2667 15.02342988 16160
0 STARLINK-1311
1 45363U 20019D   20180.09981318  .00078258  00000-0  52417-3 0  9995
2 45363  52.9944 113.2010 0006551  80.4569 279.7189 15.74576923 16619
0 STARLINK-1313
1 45364U 20019E   20180.25001157  .02192006  00000-0  66385-1 0  9995
2 45364  53.0025 117.2551 0001656 291.5621 308.7766 15.30091403 16566
0 STARLINK-1317
1 45365U 20019F   20180.16667824  .00000799  00000-0  74065-4 0  9997
2 45365  52.9967 126.4594 0001738  75.4974 200.8401 15.05564912 16425
0 STARLINK-1262
1 45366U 20019G   20180.16667824 -.00023485  00000-0 -15979-2 0  9994
2 45366  52.9985 146.4494 0001417  93.9348  36.2234 15.05582312 16161
0 STARLINK-1273
1 45367U 20019H   20180.16667824 -.00023374  00000-0 -15898-2 0  9992
2 45367  52.9980 146.4499 0001321  90.2315 292.0056 15.05591964 16167
0 STARLINK-1276
1 45368U 20019J   20180.16667824 -.00021737  00000-0 -14769-2 0  9990
2 45368  53.0002 146.4452 0001412  79.8727  86.3681 15.05588126 16169
0 STARLINK-1277
1 45369U 20019K   20180.16667824 -.00020040  00000-0 -13597-2 0  9995
2 45369  52.9998 146.4457 0001301  85.9633  98.2258 15.05591226 16165
0 STARLINK-1281
1 45370U 20019L   20180.16667824 -.00017810  00000-0 -12062-2 0  9994
2 45370  52.9966 146.4698 0001611  77.0312 161.1449 15.05579383 16149
0 STARLINK-1287
1 45371U 20019M   20180.16667824 -.00025045  00000-0 -17041-2 0  9996
2 45371  52.9984 146.4516 0001326  82.8010 353.3150 15.05616890 16162
0 STARLINK-1288
1 45372U 20019N   20180.16667824 -.00021452  00000-0 -14572-2 0  9991
2 45372  52.9996 146.4499 0001495  88.1116 276.0575 15.05589595 16162
0 STARLINK-1295
1 45373U 20019P   20180.16667824 -.00024942  00000-0 -16985-2 0  9999
2 45373  52.9988 146.4476 0001453  78.1894  16.0181 15.05582976 16166
0 STARLINK-1300
1 45374U 20019Q   20180.16667824 -.00024219  00000-0 -16482-2 0  9999
2 45374  52.9990 146.4489 0001434  85.9711  26.2341 15.05591061 16163
0 STARLINK-1302
1 45375U 20019R   20180.16667824 -.00024376  00000-0 -16592-2 0  9996
2 45375  52.9984 146.4485 0001393  86.6683 313.4836 15.05588278 16169
0 STARLINK-1304
1 45376U 20019S   20180.16667824 -.00017149  00000-0 -11601-2 0  9993
2 45376  53.0000 146.4512 0001458  83.0565 227.1037 15.05596732 16151
0 STARLINK-1305
1 45377U 20019T   20180.16667824 -.00022380  00000-0 -15209-2 0  9995
2 45377  53.0008 146.4496 0001624  88.4888  59.6937 15.05597648 16168
0 STARLINK-1310
1 45378U 20019U   20180.16667824 -.00018490  00000-0 -12530-2 0  9997
2 45378  53.0000 146.4431 0001526  77.0848 143.0903 15.05583872 16166
0 STARLINK-1319
1 45379U 20019V   20180.16667824 -.00018874  00000-0 -12794-2 0  9996
2 45379  52.9997 146.4447 0001519  95.9630 106.2575 15.05585951 16163
0 STARLINK-1207
1 45380U 20019W   20180.16667824 -.00010157  00000-0 -67860-3 0  9999
2 45380  53.0025 126.4421 0002472  83.5588  12.7519 15.05593581 16441
0 STARLINK-1258
1 45381U 20019X   20180.16667824 -.00009966  00000-0 -66573-3 0  9996
2 45381  53.0021 126.4420 0001750  72.2533 330.0587 15.05582942 16439
0 STARLINK-1264
1 45382U 20019Y   20180.16667824 -.00006231  00000-0 -40896-3 0  9999
2 45382  53.0013 126.4409 0001724  70.0761  80.2339 15.05570691 16255
0 STARLINK-1266
1 45383U 20019Z   20180.16667824 -.00010737  00000-0 -71883-3 0  9996
2 45383  53.0029 126.4419 0001715  63.1960  15.1623 15.05580217 16436
0 STARLINK-1267
1 45384U 20019AA  20180.16667824 -.00007146  00000-0 -47169-3 0  9997
2 45384  53.0018 126.4412 0001808  74.5739  57.7950 15.05584737 16448
0 STARLINK-1268
1 45385U 20019AB  20180.07032164  .00022491  00000-0  23024-3 0  9993
2 45385  52.9989 116.6505 0000631 180.8478 179.2535 15.64936727 16570
0 STARLINK-1272
1 45386U 20019AC  20180.16667824 -.00007046  00000-0 -55342-3 0  9990
2 45386  52.9988 125.1154 0001835  69.9305 323.5357 14.99085973 16467
0 STARLINK-1274
1 45387U 20019AD  20180.25001157  .03798472  00000-0  16566+0 0  9994
2 45387  52.9990 122.9183 0001141 327.5579 321.1331 15.17483542 16476
0 STARLINK-1280
1 45388U 20019AE  20180.16667824 -.00022094  00000-0 -17842-2 0  9994
2 45388  52.9994 145.3773 0001463  85.8245  62.8263 14.99101694 16170
0 STARLINK-1283
1 45389U 20019AF  20180.16667824 -.00000707  00000-0 -29338-4 0  9997
2 45389  52.9994 126.4513 0001750  66.1955 228.1046 15.05572527 16432
0 STARLINK-1284
1 45390U 20019AG  20180.16667824 -.00010625  00000-0 -71075-3 0  9993
2 45390  53.0023 126.4423 0001696  74.2881 346.0272 15.05597850 16433
0 STARLINK-1289
1 45391U 20019AH  20180.16667824 -.00005979  00000-0 -39153-3 0  9991
2 45391  52.9994 126.4425 0001973  66.0350 282.2161 15.05579241 16150
0 STARLINK-1290
1 45392U 20019AJ  20180.16667824 -.00000294  00000-0 -95353-6 0  9994
2 45392  52.9707 126.6090 0001995  68.5198 171.7813 15.05575999 16156
0 STARLINK-1291
1 45393U 20019AK  20180.16667824 -.00005584  00000-0 -36449-3 0  9990
2 45393  53.0031 126.4391 0002109  78.2399  90.0908 15.05563119 16193
0 STARLINK-1292
1 45394U 20019AL  20180.16667824 -.00008893  00000-0 -59155-3 0  9996
2 45394  53.0012 126.4471 0001788  71.4439 312.9392 15.05601744 16172
0 STARLINK-1297
1 45395U 20019AM  20180.16667824 -.00001332  00000-0 -72239-4 0  9997
2 45395  53.0164 126.3598 0001846  70.2606 152.0593 15.05597081 16194
0 STARLINK-1303
1 45396U 20019AN  20180.16667824 -.00004428  00000-0 -28493-3 0  9999
2 45396  52.9992 126.4466 0001445  72.9091 257.3561 15.05577114 16143
0 STARLINK-1307
1 45397U 20019AP  20180.16667824  .00000970  00000-0  85776-4 0  9994
2 45397  52.9764 126.5664 0002214  78.7458 179.6755 15.05586496 16254
0 STARLINK-1312
1 45398U 20019AQ  20180.16667824 -.00002937  00000-0 -18245-3 0  9998
2 45398  52.9999 126.4491 0001632  96.7574 215.5650 15.05587205 16189
0 STARLINK-1255
1 45399U 20019AR  20180.25001157  .04252038  00000-0  10524+0 0  9999
2 45399  52.9954 117.4947 0001682 265.2343 340.0114 15.35869285 16373
0 STARLINK-1213
1 45400U 20019AS  20180.25001157  .02160651  00000-0  56588-1 0  9991
2 45400  52.9995 117.3816 0001557 269.9981 329.5919 15.34809416 16302
0 STARLINK-1256
1 45401U 20019AT  20180.25001157  .04188549  00000-0  10802+0 0  9997
2 45401  52.9979 117.4101 0001772 286.0087 324.1518 15.34633190 16376
0 STARLINK-1257
1 45402U 20019AU  20180.25001157  .03976627  00000-0  10264+0 0  9991
2 45402  52.9984 117.3976 0001666 302.1579 318.3319 15.34816527 16371
0 STARLINK-1259
1 45403U 20019AV  20180.25001157  .04554881  00000-0  11811+0 0  9996
2 45403  52.9981 117.3735 0002075 237.8898 340.6129 15.34097847 16378
0 STARLINK-1260
1 45404U 20019AW  20180.25001157  .04468351  00000-0  11852+0 0  9998
2 45404  52.9986 117.3678 0002574 194.3158 341.4658 15.33464217 16284
0 STARLINK-1263
1 45405U 20019AX  20180.25001157  .04454344  00000-0  11522+0 0  9990
2 45405  52.9995 117.3819 0001922 251.4138 337.6780 15.34274893 16284
0 STARLINK-1265
1 45406U 20019AY  20180.25001157  .04553643  00000-0  11946+0 0  9993
2 45406  52.9996 117.3417 0002364 216.9170 342.9319 15.33729728 16281
0 STARLINK-1275
1 45407U 20019AZ  20180.25001157  .02834115  00000-0  76667-1 0  9991
2 45407  53.0000 117.3811 0002803 165.8087 348.4502 15.33382509 16282
0 STARLINK-1278
1 45408U 20019BA  20180.16667824 -.00021533  00000-0 -17392-2 0  9994
2 45408  53.0014 145.3438 0001365  85.2360  70.1135 14.99079717 15897
0 STARLINK-1282
1 45409U 20019BB  20180.25001157  .03429166  00000-0  93651-1 0  9992
2 45409  52.9984 117.4282 0002921 152.0788 340.4367 15.32966227 16299
0 STARLINK-1285
1 45410U 20019BC  20180.25001157  .04656474  00000-0  12102+0 0  9999
2 45410  52.9988 117.3634 0002244 226.5384 341.3732 15.33925288 16280
0 STARLINK-1293
1 45411U 20019BD  20180.25001157  .03083366  00000-0  76659-1 0  9992
2 45411  52.9973 117.3308 0005859 300.5630 324.8937 15.36353361 16299
0 STARLINK-1296
1 45412U 20019BE  20180.25001157  .04465946  00000-0  11787+0 0  9991
2 45412  52.9987 117.3516 0002446 205.2502 341.3994 15.33624465 16283
0 STARLINK-1298
1 45413U 20019BF  20180.25001157  .03721353  00000-0  90095-1 0  9999
2 45413  52.9970 117.3817 0002121 331.2801 304.1866 15.36442236 16374
0 STARLINK-1309
1 45414U 20019BG  20180.25001157  .03793446  00000-0  10406+0 0  9998
2 45414  53.0001 117.4093 0002821 163.4175 340.0151 15.33066065 16291
0 STARLINK-1316
1 45415U 20019BH  20180.25001157  .03813080  00000-0  96263-1 0  9993
2 45415  52.9991 117.4241 0001728 318.7064 312.2137 15.35014203 16306
0 STARLINK-1318
1 45416U 20019BJ  20180.25001157  .04258060  00000-0  11418+0 0  9993
2 45416  52.9987 117.4030 0003113 182.5384 342.5736 15.33328672 16295
0 STARLINK-1286
1 45417U 20019BK  20180.16667824 -.00023571  00000-0 -16756-2 0  9991
2 45417  52.9989 146.1477 0001311  75.8898  50.6079 15.03956073 16166
0 STARLINK-1299
1 45418U 20019BL  20180.11617734  .00000769  00000-0  84031-4 0  9997
2 45418  53.0020 145.3127 0001180  59.8586 300.2516 14.99113956 15919
0 STARLINK-1308
1 45419U 20019BM  20180.16667824 -.00019801  00000-0 -13437-2 0  9997
2 45419  53.0168 146.3615 0001472  85.7598 260.4522 15.05576909 15891
0 STARLINK-1329
1 45531U 20025A   20180.16667824  .00045016  00000-0  30891-2 0  9997
2 45531  52.9996  86.4539 0001523  77.8761  58.7464 15.05579247 10923
0 STARLINK-1338
1 45532U 20025B   20180.16667824  .00039216  00000-0  26959-2 0  9993
2 45532  53.0154  86.3666 0002364  87.7360 336.8931 15.05577203 10942
0 STARLINK-1339
1 45533U 20025C   20180.16667824  .00037201  00000-0  25596-2 0  9992
2 45533  53.0010  86.4457 0001737  68.5802 266.0416 15.05569538 10926
0 STARLINK-1341
1 45534U 20025D   20180.16667824  .00036752  00000-0  25296-2 0  9990
2 45534  53.0031  86.4340 0001730  65.5956 304.9807 15.05562803 10936
0 STARLINK-1350
1 45535U 20025E   20180.16667824  .00038110  00000-0  26202-2 0  9999
2 45535  53.0002  86.4474 0001886  64.2711 198.3170 15.05585459 10930
0 STARLINK-1352
1 45536U 20025F   20180.16667824  .00039888  00000-0  27412-2 0  9997
2 45536  52.9990  86.4525 0001606  78.7331 165.8579 15.05581783 10938
0 STARLINK-1353
1 45537U 20025G   20180.16667824  .00036060  00000-0  21398-2 0  9994
2 45537  53.0037  85.7270 0002455  28.0624 284.6717 15.11023720 10942
0 STARLINK-1362
1 45538U 20025H   20180.16667824  .00044434  00000-0  30496-2 0  9998
2 45538  52.9986  86.4548 0001648  82.7685  35.8564 15.05579695 10932
0 STARLINK-1367
1 45539U 20025J   20180.16667824  .00056230  00000-0  61531-3 0  9991
2 45539  52.9811  73.1409 0009220  23.6920  39.7294 15.62720742 11106
0 STARLINK-1368
1 45540U 20025K   20180.16667824  .00038861  00000-0  26724-2 0  9997
2 45540  52.9986  86.4534 0001895  66.7656 159.9049 15.05568743 10932
0 STARLINK-1369
1 45541U 20025L   20180.16667824  .00039769  00000-0  27343-2 0  9994
2 45541  52.9996  86.4516 0001890  74.5551 134.0445 15.05565637 10933
0 STARLINK-1371
1 45542U 20025M   20180.16667824  .00037557  00000-0  25840-2 0  9998
2 45542  53.0100  86.4031 0001687  71.3524 317.2723 15.05566892 10932
0 STARLINK-1372
1 45543U 20025N   20180.16667824  .00040586  00000-0  27898-2 0  9990
2 45543  53.0002  86.4535 0001807  74.9181 115.6300 15.05564331 10932
0 STARLINK-1373
1 45544U 20025P   20180.16667824  .00043758  00000-0  30060-2 0  9990
2 45544  52.9940  86.4859 0001759  66.0933  34.5380 15.05551946 10928
0 STARLINK-1374
1 45545U 20025Q   20180.16667824  .00036135  00000-0  24881-2 0  9996
2 45545  53.0013  86.4447 0002204  80.2759 272.2988 15.05555723 10938
0 STARLINK-1375
1 45546U 20025R   20180.16667824  .00036278  00000-0  24970-2 0  9994
2 45546  52.9993  86.4478 0001763  68.5259 212.0857 15.05567976 10931
0 STARLINK-1377
1 45547U 20025S   20180.16667824  .00037502  00000-0  25807-2 0  9996
2 45547  53.0016  86.4441 0001602  65.4270 251.1850 15.05560422 10937
0 STARLINK-1378
1 45548U 20025T   20180.16667824  .00042274  00000-0  29045-2 0  9997
2 45548  52.9995  86.4499 0001440  72.0951 100.5144 15.05562510 10938
0 STARLINK-1379
1 45549U 20025U   20180.16667824  .00043802  00000-0  30087-2 0  9994
2 45549  52.9990  86.4499 0001492  73.3597  81.2083 15.05556153 10934
0 STARLINK-1390
1 45550U 20025V   20180.16667824  .00041965  00000-0  28829-2 0  9995
2 45550  52.9898  86.4995 0001942  71.6493  10.9898 15.05570824 10923
0 STARLINK-1294
1 45551U 20025W   20180.16667824  .00054153  00000-0  59257-3 0  9999
2 45551  52.9981  73.1530 0008542  48.1889  59.6927 15.62744935 11109
0 STARLINK-1322
1 45552U 20025X   20180.16667824  .00055322  00000-0  60579-3 0  9998
2 45552  52.9973  73.1468 0001389  47.6901  62.7434 15.62757246 11109
0 STARLINK-1323
1 45553U 20025Y   20180.16667824  .00055598  00000-0  60931-3 0  9996
2 45553  52.9988  73.1725 0001556  62.0758  38.1994 15.62733947 11109
0 STARLINK-1325
1 45554U 20025Z   20180.16667824  .00055983  00000-0  61376-3 0  9999
2 45554  52.9980  73.1505 0001328  49.3784  55.9757 15.62721520 11100
0 STARLINK-1327
1 45555U 20025AA  20180.16667824  .00056575  00000-0  62008-3 0  9991
2 45555  52.9968  73.1980 0001336  47.3565  37.7045 15.62723902 11102
0 STARLINK-1334
1 45556U 20025AB  20180.16667824  .00055951  00000-0  61351-3 0  9999
2 45556  52.9991  73.1666 0001504  56.3880  46.3878 15.62717534 11101
0 STARLINK-1336
1 45557U 20025AC  20180.16667824  .00055695  00000-0  60994-3 0  9997
2 45557  52.9978  73.1716 0001538  51.5933  46.1749 15.62751191 11108
0 STARLINK-1342
1 45558U 20025AD  20180.16667824  .00057430  00000-0  62860-3 0  9991
2 45558  52.9981  73.2271 0001282  51.3188  18.4633 15.62752580 11103
0 STARLINK-1344
1 45559U 20025AE  20180.16667824  .00056246  00000-0  61671-3 0  9995
2 45559  52.9975  73.1682 0001261  51.5199  43.6954 15.62716794 11106
0 STARLINK-1346
1 45560U 20025AF  20180.16667824  .00064930  00000-0  71075-3 0  9995
2 45560  52.9981  73.1898 0007002   1.2379  91.2175 15.62674069 11107
0 STARLINK-1348
1 45561U 20025AG  20180.16667824  .00057460  00000-0  63011-3 0  9997
2 45561  52.9980  73.2170 0001325  55.0078  19.8268 15.62704136 11104
0 STARLINK-1354
1 45562U 20025AH  20180.16667824  .00056369  00000-0  61714-3 0  9993
2 45562  52.9982  73.1903 0001276  45.9836  44.1095 15.62753820 11108
0 STARLINK-1355
1 45563U 20025AJ  20180.16667824  .00057248  00000-0  62729-3 0  9998
2 45563  52.9989  73.2015 0001567  65.4155  14.4998 15.62725723 11108
0 STARLINK-1356
1 45564U 20025AK  20180.16667824  .00057042  00000-0  62464-3 0  9997
2 45564  52.9979  73.2037 0001692  58.8194  23.6219 15.62743482 11100
0 STARLINK-1357
1 45565U 20025AL  20180.16667824  .00056713  00000-0  62159-3 0  9993
2 45565  52.9990  73.1973 0001279  14.3873  73.1835 15.62723218 11103
0 STARLINK-1358
1 45566U 20025AM  20180.16667824  .00057660  00000-0  63192-3 0  9994
2 45566  52.9988  73.2072 0001563  41.0309  36.3792 15.62717964 11103
0 STARLINK-1361
1 45567U 20025AN  20180.16667824  .00057824  00000-0  63299-3 0  9995
2 45567  52.9971  73.2373 0001408  48.2600  16.4340 15.62746353 11103
0 STARLINK-1363
1 45568U 20025AP  20180.16667824  .00055200  00000-0  60411-3 0  9995
2 45568  52.9982  73.2166 0002506   1.2129  71.1492 15.62770779 11106
0 STARLINK-1366
1 45569U 20025AQ  20180.16667824  .00057469  00000-0  62893-3 0  9991
2 45569  52.9970  73.2338 0001345  49.9431  12.1946 15.62756290 11101
0 STARLINK-1376
1 45570U 20025AR  20180.16667824  .00057369  00000-0  62817-3 0  9998
2 45570  52.9981  73.2333 0001556  57.0932  10.1079 15.62743109 11100
0 STARLINK-1261
1 45571U 20025AS  20180.16667824  .00054818  00000-0  60110-3 0  9999
2 45571  52.9967  73.1571 0001360  48.0949  58.5776 15.62725256 11102
0 STARLINK-1320
1 45572U 20025AT  20180.16667824  .00054821  00000-0  60100-3 0  9993
2 45572  52.9969  73.1349 0001912   3.7196 107.9952 15.62730295 11107
0 STARLINK-1321
1 45573U 20025AU  20180.16667824  .00056855  00000-0  62304-3 0  9991
2 45573  52.9981  73.2136 0001514  57.6369  21.0123 15.62726453 11102
0 STARLINK-1324
1 45574U 20025AV  20180.16667824  .00055137  00000-0  60462-3 0  9997
2 45574  52.9971  73.1330 0001197  23.2629  85.9257 15.62722342 11102
0 STARLINK-1326
1 45575U 20025AW  20180.16667824  .00055244  00000-0  60523-3 0  9995
2 45575  52.9984  73.1548 0001608  45.2241  56.3138 15.62744785 11104
0 STARLINK-1328
1 45576U 20025AX  20180.16667824  .00056204  00000-0  61569-3 0  9994
2 45576  52.9976  73.1887 0001361  45.7267  45.5594 15.62740386 11100
0 STARLINK-1330
1 45577U 20025AY  20180.16667824  .00057611  00000-0  63026-3 0  9998
2 45577  52.9981  73.2210 0001673  52.6330  20.9107 15.62764117 11107
0 STARLINK-1331
1 45578U 20025AZ  20180.16667824  .00056412  00000-0  61782-3 0  9994
2 45578  52.9987  73.1717 0001579  52.1379  44.1088 15.62744723 11105
0 STARLINK-1332
1 45579U 20025BA  20180.16667824  .00057750  00000-0  63249-3 0  9991
2 45579  52.9986  73.2030 0001483  44.3823  31.7203 15.62734226 11103
0 STARLINK-1333
1 45580U 20025BB  20180.16667824  .00055180  00000-0  60527-3 0  9994
2 45580  52.9979  73.1512 0001232  37.5654  66.4494 15.62714398 11104
0 STARLINK-1335
1 45581U 20025BC  20180.16667824  .00056531  00000-0  61914-3 0  9997
2 45581  52.9968  73.1935 0001394  49.9837  36.3391 15.62743217 11105
0 STARLINK-1337
1 45582U 20025BD  20180.16667824  .00058592  00000-0  64188-3 0  9993
2 45582  52.9981  73.2228 0001337  60.6808  10.3766 15.62721915 11101
0 STARLINK-1340
1 45583U 20025BE  20180.16667824  .00058189  00000-0  63681-3 0  9993
2 45583  52.9981  73.2044 0001729  57.6662  26.0748 15.62750651 11100
0 STARLINK-1343
1 45584U 20025BF  20180.16667824  .00055822  00000-0  61150-3 0  9994
2 45584  52.9979  73.1790 0001551  48.8701  45.0304 15.62743122 11108
0 STARLINK-1345
1 45585U 20025BG  20180.16667824  .00057631  00000-0  63032-3 0  9996
2 45585  52.9989  73.1983 0001116  57.1362  24.0921 15.62770933 11109
0 STARLINK-1347
1 45586U 20025BH  20180.16667824  .00057614  00000-0  63156-3 0  9995
2 45586  52.9980  73.1934 0001468  50.1229  38.7289 15.62712719 11109
0 STARLINK-1349
1 45587U 20025BJ  20180.16667824  .00056553  00000-0  62014-3 0  9999
2 45587  52.9984  73.1704 0001135  58.9976  39.8932 15.62711891 11102
0 STARLINK-1360
1 45588U 20025BK  20180.16667824  .00056841  00000-0  62237-3 0  9997
2 45588  52.9969  73.2317 0002860   9.1863  56.7508 15.62745050 11107
0 STARLINK-1364
1 45589U 20025BL  20180.16667824  .00058155  00000-0  63709-3 0  9993
2 45589  52.9977  73.2305 0001546  47.4417  21.0690 15.62724957 11104
0 STARLINK-1365
1 45590U 20025BM  20180.16667824  .00038494  00000-0  26485-2 0  9998
2 45590  53.0135  86.3815 0001326  91.2863 315.3179 15.05555262 10921
0 STARLINK-1440
1 45657U 20035A   20180.25001157  .00900680  11460-4  74499-3 0  9994
2 45657  52.9986  46.0271 0081221 139.1799 330.4889 16.06161501  4760
0 STARLINK-1441
1 45658U 20035B   20180.25001157  .02787505  00000-0  28173-1 0  9996
2 45658  53.0020  50.6928 0003645  83.9443 310.4239 15.61377112  4706
0 STARLINK-1442
1 45659U 20035C   20180.25001157  .00881290  00000-0  92191-2 0  9993
2 45659  53.0022  50.7131 0004312  70.8323 321.1619 15.61472911  4704
0 STARLINK-1443
1 45660U 20035D   20180.25001157  .02876064  00000-0  29544-1 0  9991
2 45660  53.0029  50.7190 0003644  81.7042 308.5187 15.60841738  4709
0 STARLINK-1444
1 45661U 20035E   20180.25001157  .01561967  00000-0  17408-1 0  9990
2 45661  52.9999  50.6700 0003469  81.1968 321.2917 15.59588229  4698
0 STARLINK-1445
1 45662U 20035F   20180.25001157  .02257494  00000-0  25424-1 0  9996
2 45662  53.0015  50.7021 0003260  92.6951 300.7683 15.58681135  4753
0 STARLINK-1446
1 45663U 20035G   20180.25001157  .01823350  00000-0  20753-1 0  9996
2 45663  53.0013  50.7037 0003314  88.3384 302.7638 15.58567738  4700
0 STARLINK-1447
1 45664U 20035H   20180.25001157  .02608821  00000-0  25966-1 0  9993
2 45664  53.0032  50.6983 0003804  91.3290 308.7527 15.61997657  4709
0 STARLINK-1448
1 45665U 20035J   20180.25001157  .02960406  00000-0  30488-1 0  9999
2 45665  53.0032  50.7160 0003650  78.0722 310.3555 15.60669899  4702
0 STARLINK-1449
1 45666U 20035K   20180.25001157  .03005309  00000-0  31160-1 0  9991
2 45666  53.0016  50.7219 0003539  79.2484 307.2479 15.60435694  4708
0 STARLINK-1450
1 45667U 20035L   20180.25001157  .01493508  00000-0  16078-1 0  9993
2 45667  53.0012  50.6667 0003490  99.8020 309.0255 15.60163009  4756
0 STARLINK-1451
1 45668U 20035M   20180.25001157  .03058609  00000-0  30180-1 0  9995
2 45668  53.0020  50.6842 0003736  77.8737 320.7303 15.61670303  4705
0 STARLINK-1452
1 45669U 20035N   20180.25001157  .00658378  00000-0  75382-2 0  9996
2 45669  53.0021  50.6676 0003877  73.7674 324.1706 15.59403356  4695
0 STARLINK-1453
1 45670U 20035P   20180.25001157  .01184823  00000-0  84412-2 0  9992
2 45670  53.0003  49.2553 0002990 153.9566 210.3038 15.70760508  4727
0 STARLINK-1454
1 45671U 20035Q   20180.25001157  .00654844  00000-0  75515-2 0  9991
2 45671  53.0023  50.6754 0003835  77.6787 318.0410 15.59226043  4701
0 STARLINK-1455
1 45672U 20035R   20180.25001157  .02694229  00000-0  17040-1 0  9993
2 45672  53.0003  48.4726 0003547 221.8034 162.3520 15.72622472  4738
0 STARLINK-1456
1 45673U 20035S   20180.25001157  .03835397  00000-0  37031-1 0  9990
2 45673  53.0020  50.6787 0003469  77.3864 324.1807 15.61989090  4701
0 STARLINK-1457
1 45674U 20035T   20180.25001157  .03796727  00000-0  37376-1 0  9996
2 45674  53.0020  50.6849 0004340  69.2638 327.6615 15.61526963  4711
0 STARLINK-1458
1 45675U 20035U   20180.25001157  .02475804  00000-0  28609-1 0  9995
2 45675  53.0018  50.6791 0003279  81.2972 307.5332 15.58223911  4705
0 STARLINK-1460
1 45676U 20035V   20180.25001157  .00651543  00000-0  72465-2 0  9990
2 45676  53.0022  50.6605 0003892  85.5729 321.3354 15.60192171  4707
0 STARLINK-1392
1 45677U 20035W   20180.25001157  .01657156  00000-0  18729-1 0  9990
2 45677  53.0014  50.6231 0003690 114.3055 313.0328 15.59050317  4705
0 STARLINK-1393
1 45678U 20035X   20180.16667824  .00021507  00000-0  24021-3 0  9998
2 45678  53.0020  50.9982 0001147  83.8593 243.8421 15.62740167  4696
0 STARLINK-1394
1 45679U 20035Y   20180.16667824  .00022081  00000-0  24653-3 0  9998
2 45679  53.0023  51.0007 0001307  85.8445 240.6375 15.62730974  4694
0 STARLINK-1395
1 45680U 20035Z   20180.16667824  .00018230  00000-0  13540-3 0  9994
2 45680  53.0000  49.6846 0007415 135.2788 105.9084 15.72928729  4712
0 STARLINK-1396
1 45681U 20035AA  20180.16667824  .00021823  00000-0  24340-3 0  9997
2 45681  53.0020  51.0063 0000997  81.3738 243.7013 15.62765179  4694
0 STARLINK-1397
1 45682U 20035AB  20180.16667824  .00008455  00000-0  98119-4 0  9990
2 45682  53.0019  51.0052 0000795  92.9233 229.8047 15.62738921  4692
0 STARLINK-1399
1 45683U 20035AC  20180.16667824  .00021949  00000-0  24506-3 0  9992
2 45683  53.0020  50.9978 0001073  81.4806 248.8130 15.62735023  4693
0 STARLINK-1401
1 45684U 20035AD  20180.16667824  .00021396  00000-0  23867-3 0  9998
2 45684  53.0022  51.0264 0001010  80.4095 232.0771 15.62775892  4690
0 STARLINK-1402
1 45685U 20035AE  20180.16667824  .00021241  00000-0  23736-3 0  9993
2 45685  53.0022  51.0338 0000912  71.6406 242.0442 15.62735067  4697
0 STARLINK-1404
1 45686U 20035AF  20180.16667824  .00021763  00000-0  24287-3 0  9995
2 45686  53.0022  51.0175 0001220  76.3986 239.9003 15.62752526  4692
0 STARLINK-1406
1 45687U 20035AG  20180.25001157  .03055715  00000-0  20664-1 0  9997
2 45687  53.0010  48.4957 0003930 240.0804 133.4272 15.71148210  4737
0 STARLINK-1408
1 45688U 20035AH  20180.16667824  .00019894  00000-0  22209-3 0  9991
2 45688  53.0008  49.5138 0004821 284.2804  36.5441 15.62799717  4711
0 STARLINK-1413
1 45689U 20035AJ  20180.25001157 -.00015847  00000-0 -16769-3 0  9993
2 45689  53.0022  50.6210 0001302  81.8139 337.2827 15.62734265  4700
0 STARLINK-1414
1 45690U 20035AK  20180.25001157 -.00024696  00000-0 -26492-3 0  9991
2 45690  53.0021  50.5993 0000849  92.6725 337.8616 15.62731672  4705
0 STARLINK-1415
1 45691U 20035AL  20180.16667824  .00019790  00000-0  22129-3 0  9991
2 45691  53.0019  50.2712 0001408  62.0506 253.3692 15.62769054  5105
0 STARLINK-1416
1 45692U 20035AM  20180.16667824  .00021242  00000-0  23720-3 0  9995
2 45692  53.0021  51.0167 0001158  79.5855 239.2664 15.62753815  4697
0 STARLINK-1417
1 45693U 20035AN  20180.16667824  .00008056  00000-0  93786-4 0  9994
2 45693  53.0022  51.0304 0000974  67.1099 244.1137 15.62736579  4698
0 STARLINK-1419
1 45694U 20035AP  20180.16667824  .00021329  00000-0  23804-3 0  9996
2 45694  53.0022  51.0347 0001299  85.8378 222.8219 15.62765735  4694
0 STARLINK-1420
1 45695U 20035AQ  20180.16667824  .00021127  00000-0  23620-3 0  9999
2 45695  53.0020  51.0523 0001240  76.9193 229.2167 15.62726901  4696
0 STARLINK-1422
1 45696U 20035AR  20180.16667824  .00021491  00000-0  23996-3 0  9990
2 45696  53.0020  51.0398 0001043  79.5744 227.8013 15.62747567  4694
0 STARLINK-1351
1 45697U 20035AS  20180.16667824  .00021335  00000-0  23833-3 0  9998
2 45697  53.0018  51.0832 0000905  76.8870 214.0116 15.62740470  4699
0 STARLINK-1370
1 45698U 20035AT  20180.16667824  .00021467  00000-0  23947-3 0  9991
2 45698  53.0021  51.0642 0001156  83.4326 211.2408 15.62772822  4691
0 STARLINK-1398
1 45699U 20035AU  20180.16667824  .00021882  00000-0  24430-3 0  9991
2 45699  53.0015  51.0658 0001094  76.7511 223.0001 15.62737759  4739
0 STARLINK-1400
1 45700U 20035AV  20180.16667824  .00021884  00000-0  24421-3 0  9996
2 45700  53.0020  51.0487 0000982  80.5961 220.3452 15.62750081  4693
0 STARLINK-1403
1 45701U 20035AW  20180.16667824  .00021691  00000-0  24199-3 0  9995
2 45701  53.0018  51.0826 0000987  82.3953 207.1567 15.62762791  4695
0 STARLINK-1405
1 45702U 20035AX  20180.25001157  .02582284  71122-2  37306-2 0  9997
2 45702  52.9941  44.4145 0009828 262.6464 261.9559 16.06351195  5187
0 STARLINK-1407
1 45703U 20035AY  20180.16667824  .00021438  00000-0  23923-3 0  9990
2 45703  53.0019  51.0635 0001230  74.7473 223.7664 15.62764990  4695
0 STARLINK-1409
1 45704U 20035AZ  20180.25001157  .02149951  00000-0  22112-1 0  9992
2 45704  53.0019  50.6801 0003906  83.7217 316.7702 15.61241273  4705
0 STARLINK-1410
1 45705U 20035BA  20180.25001157  .02019370  00000-0  22207-1 0  9999
2 45705  53.0015  50.6452 0003324  93.1078 311.1638 15.59670695  4706
0 STARLINK-1411
1 45706U 20035BB  20180.16667824  .00020259  00000-0  22657-3 0  9996
2 45706  53.0021  51.1045 0001185  80.1364 200.3341 15.62748756  4691
0 STARLINK-1412
1 45707U 20035BC  20180.25001157 -.00005282  00000-0 -52008-4 0  9993
2 45707  53.0019  50.6968 0001048  80.8040 309.0336 15.62699194  4707
0 STARLINK-1418
1 45708U 20035BD  20180.16667824  .00021342  00000-0  23837-3 0  9993
2 45708  53.0016  51.0824 0000915  67.1370 224.9649 15.62744967  4696
0 STARLINK-1421
1 45709U 20035BE  20180.16667824  .00021956  00000-0  24480-3 0  9990
2 45709  53.0019  51.0480 0000803  87.4864 216.0882 15.62770467  4692
0 STARLINK-1423
1 45710U 20035BF  20180.25001157 -.00015802  00000-0 -16713-3 0  9998
2 45710  53.0023  50.6385 0001012  82.1018 331.8741 15.62744777  4701
0 STARLINK-1433
1 45711U 20035BG  20180.16667824  .00021621  00000-0  24131-3 0  9995
2 45711  53.0016  51.0860 0001022  80.8463 206.1989 15.62754197  4690
0 STARLINK-1434
1 45712U 20035BH  20180.25001157  .01437565  00000-0  14656-1 0  9995
2 45712  53.0006  49.1200 0005183 193.0731 242.0179 15.61705386  4722
0 STARLINK-1436
1 45713U 20035BJ  20180.16667824  .00023121  00000-0  25786-3 0  9991
2 45713  53.0019  51.0840 0001274  50.4423 235.3435 15.62728675  4693
0 STARLINK-1437
1 45714U 20035BK  20180.16667824  .00021693  00000-0  24239-3 0  9996
2 45714  53.0016  51.0897 0001286  77.7263 205.5176 15.62723444  4690
0 STARLINK-1438
1 45715U 20035BL  20180.16667824  .00005960  00000-0  70889-4 0  9999
2 45715  53.0014  51.0886 0001149  80.5962 203.9743 15.62746322  4695
0 STARLINK-1439
1 45716U 20035BM  20180.25001157  .02547084  00000-0  12588-1 0  9990
2 45716  52.9998  47.6613 0010428 153.5083 259.9961 15.77969393  5144
0 STARLINK-1461
1 45730U 20038A   20180.25001157  .02206154  00000-0  16772-1 0  9998
2 45730  52.9978 224.0864 0002692  69.8677 213.3465 15.68814006  3645
0 STARLINK-1465
1 45731U 20038B   20180.25001157  .04606075  00000-0  34464-1 0  9995
2 45731  52.9975 224.0974 0002631  71.8973 207.7119 15.68371230  3482
0 STARLINK-1466
1 45732U 20038C   20180.25001157  .02235733  00000-0  16967-1 0  9991
2 45732  52.9981 224.0876 0003056  74.0500 208.2169 15.68819004  3649
0 STARLINK-1467
1 45733U 20038D   20180.25001157  .09346483  00000-0  61195-1 0  9997
2 45733  52.9971 223.9913 0014635  94.3396 231.2444 15.69958076  3648
0 STARLINK-1468
1 45734U 20038E   20180.25001157  .04164415  00000-0  30694-1 0  9996
2 45734  52.9988 224.1111 0002194  45.2631 240.3146 15.68499123  3646
0 STARLINK-1471
1 45735U 20038F   20180.25001157  .04372273  00000-0  31700-1 0  9999
2 45735  52.9991 224.0903 0004646  73.0820 222.0676 15.68721750  3641
0 STARLINK-1472
1 45736U 20038G   20180.25001157  .01947843  00000-0  14754-1 0  9998
2 45736  52.9987 224.0912 0002925  63.9765 217.2218 15.68790522  3642
0 STARLINK-1473
1 45737U 20038H   20180.25001157  .01635731  00000-0  12316-1 0  9991
2 45737  52.9996 224.1055 0002672  57.1461 229.5215 15.68973064  3646
0 STARLINK-1474
1 45738U 20038J   20180.25001157  .01816312  00000-0  13906-1 0  9994
2 45738  52.9992 224.1222 0002035  53.2899 224.9174 15.68731092  3640
0 STARLINK-1475
1 45739U 20038K   20180.25001157  .04309232  00000-0  31388-1 0  9990
2 45739  52.9986 224.0963 0003445  63.3798 228.9740 15.68660857  3486
0 STARLINK-1479
1 45740U 20038L   20180.25001157  .04342335  00000-0  31505-1 0  9994
2 45740  52.9986 224.0866 0004916  73.6891 222.4160 15.68734200  3649
0 STARLINK-1480
1 45741U 20038M   20180.25001157  .01695001  00000-0  12992-1 0  9992
2 45741  52.9994 224.1104 0002356  47.5501 236.8389 15.68896584  3645
0 STARLINK-1481
1 45742U 20038N   20180.25001157  .02220583  00000-0  16779-1 0  9990
2 45742  52.9978 224.0769 0002636  66.5054 221.2181 15.68944005  3649
0 STARLINK-1483
1 45743U 20038P   20180.16667824  .03778192  00000-0  28248-1 0  9999
2 45743  53.0000 224.5382 0004049 133.9327  32.4352 15.68529927  3471
0 STARLINK-1500
1 45744U 20038Q   20180.25001157  .02145540  00000-0  15914-1 0  9991
2 45744  52.9977 224.0788 0002926  58.6885 231.9195 15.68994456  3443
0 STARLINK-1503
1 45745U 20038R   20180.25001157  .04905437  00000-0  35877-1 0  9993
2 45745  52.9971 224.0672 0004409  78.8731 215.2112 15.68698864  3440
0 STARLINK-1504
1 45746U 20038S   20180.25001157  .02190930  00000-0  16564-1 0  9998
2 45746  52.9974 224.0797 0002965  58.6730 231.4722 15.68971664  3452
0 STARLINK-1506
1 45747U 20038T   20180.25001157  .02134335  00000-0  15881-1 0  9997
2 45747  52.9977 224.0831 0002678  55.6623 232.7250 15.68933213  3452
0 STARLINK-1507
1 45748U 20038U   20180.25001157  .04391831  00000-0  31895-1 0  9999
2 45748  52.9988 224.0944 0004061  69.7012 223.1098 15.68658850  3451
0 STARLINK-1516
1 45749U 20038V   20180.25001157  .04426733  00000-0  31996-1 0  9992
2 45749  52.9982 224.0842 0005290  74.7271 221.9842 15.68748904  3443
0 STARLINK-1391
1 45750U 20038W   20180.25001157  .04929734  00000-0  25944-1 0  9999
2 45750  52.9978 223.5710 0022300 103.6088  81.3342 15.75728770  3649
0 STARLINK-1464
1 45751U 20038X   20180.25001157  .04920939  00000-0  25792-1 0  9999
2 45751  52.9978 223.5677 0023899 102.9663  83.3493 15.75794090  3644
0 STARLINK-1469
1 45752U 20038Y   20180.25001157  .04096319  00000-0  21571-1 0  9997
2 45752  52.9980 223.5750 0023500 103.0202  80.4608 15.75778347  3643
0 STARLINK-1476
1 45753U 20038Z   20180.25001157  .04077737  00000-0  21567-1 0  9996
2 45753  52.9978 223.5756 0023152 103.3676  78.4332 15.75703888  3647
0 STARLINK-1477
1 45754U 20038AA  20180.25001157  .03545945  00000-0  19060-1 0  9992
2 45754  52.9972 223.5566 0022536 107.1614  73.1612 15.75860309  3498
0 STARLINK-1478
1 45755U 20038AB  20180.25001157  .05100745  00000-0  25989-1 0  9997
2 45755  52.9968 223.5109 0024296 104.3229  97.9857 15.76288095  3642
0 STARLINK-1484
1 45756U 20038AC  20180.25001157  .03493041  00000-0  18974-1 0  9996
2 45756  52.9973 223.5707 0022063 107.2556  66.3690 15.75681312  3641
0 STARLINK-1486
1 45757U 20038AD  20180.25001157  .05139697  00000-0  26383-1 0  9996
2 45757  52.9973 223.5218 0023562 105.0134  91.0112 15.76103410  3645
0 STARLINK-1487
1 45758U 20038AE  20180.25001157  .05032057  00000-0  25814-1 0  9997
2 45758  52.9970 223.5155 0023115 104.3933  95.1066 15.76215207  3647
0 STARLINK-1493
1 45759U 20038AF  20180.25001157  .04251468  00000-0  22384-1 0  9995
2 45759  52.9974 223.5630 0022807 106.1693  70.6507 15.75649119  3460
0 STARLINK-1494
1 45760U 20038AG  20180.25001157  .05087073  00000-0  26553-1 0  9999
2 45760  52.9978 223.5559 0025381 111.3071  64.0742 15.75717774  3465
0 STARLINK-1495
1 45761U 20038AH  20180.25001157  .06782110  00000-0  34234-1 0  9990
2 45761  52.9961 223.5226 0023715 106.7226  87.6688 15.75983298  3464
0 STARLINK-1499
1 45762U 20038AJ  20180.25001157  .05034350  00000-0  26256-1 0  9991
2 45762  52.9986 223.5641 0023486 102.6935  85.3759 15.75825531  3469
0 STARLINK-1501
1 45763U 20038AK  20180.25001157  .05034028  00000-0  26039-1 0  9993
2 45763  52.9976 223.5542 0024488 102.6116  89.9210 15.75991306  3469
0 STARLINK-1502
1 45764U 20038AL  20180.25001157  .04891728  00000-0  25532-1 0  9998
2 45764  52.9977 223.5299 0023165 102.9491  88.1829 15.75930974  3461
0 STARLINK-1508
1 45765U 20038AM  20180.25001157  .05063751  00000-0  26364-1 0  9991
2 45765  52.9977 223.5618 0023170 102.4285  87.3806 15.75848284  3467
0 STARLINK-1509
1 45766U 20038AN  20180.25001157  .05062801  00000-0  26112-1 0  9998
2 45766  52.9975 223.5442 0022887 102.0478  95.7480 15.76071777  3462
0 STARLINK-1511
1 45767U 20038AP  20180.25001157  .05154614  00000-0  26386-1 0  9996
2 45767  52.9976 223.5384 0023696 100.9951  99.8907 15.76152193  3462
0 STARLINK-1521
1 45768U 20038AQ  20180.25001157  .06505361  00000-0  33833-1 0  9992
2 45768  52.9972 223.5549 0023325 108.3095  70.3131 15.75491775  3466
0 STARLINK-1459
1 45769U 20038AR  20180.25001157  .02238319  00000-0  16921-1 0  9994
2 45769  52.9976 224.0789 0001902  52.1921 234.3233 15.68904975  3642
0 STARLINK-1462
1 45770U 20038AS  20180.25001157  .03532736  00000-0  19090-1 0  9997
2 45770  52.9970 223.5559 0022523 107.5742  68.5764 15.75751640  3648
0 STARLINK-1463
1 45771U 20038AT  20180.25001157  .03653015  00000-0  19571-1 0  9996
2 45771  52.9974 223.5583 0022580 107.3311  72.0438 15.75831083  3641
0 STARLINK-1470
1 45772U 20038AU  20180.25001157  .04084498  00000-0  21509-1 0  9995
2 45772  52.9981 223.5729 0023406 102.5329  81.4798 15.75791623  3644
0 STARLINK-1482
1 45773U 20038AV  20180.25001157  .04956566  00000-0  25947-1 0  9990
2 45773  52.9978 223.5639 0023616 103.0191  84.1765 15.75799877  3493
0 STARLINK-1485
1 45774U 20038AW  20180.25001157  .05395060  00000-0  27379-1 0  9999
2 45774  52.9976 223.5374 0023854 101.4061  99.9899 15.76153465  3647
0 STARLINK-1488
1 45775U 20038AX  20180.16667824  .03260391  00000-0  16606-1 0  9996
2 45775  52.9991 223.9549 0029258 101.5846 344.6455 15.76623871  3482
0 STARLINK-1489
1 45776U 20038AY  20180.25001157  .05180356  00000-0  26667-1 0  9990
2 45776  52.9978 223.5492 0023238 102.4753  92.6599 15.76012914  3647
0 STARLINK-1490
1 45777U 20038AZ  20180.25001157  .05090043  00000-0  26188-1 0  9992
2 45777  52.9979 223.5466 0023785 101.8216  94.3988 15.76085867  3653
0 STARLINK-1491
1 45778U 20038BA  20180.25001157  .05474721  00000-0  29006-1 0  9994
2 45778  52.9982 223.5584 0024798 111.0781  63.2935 15.75741253  3647
0 STARLINK-1492
1 45779U 20038BB  20179.91667824  .02055820  00000-0  10622-1 0  9991
2 45779  52.9964 225.2433 0029938 102.2269 342.5400 15.76730841  3590
0 STARLINK-1496
1 45780U 20038BC  20180.25001157  .05402503  00000-0  27290-1 0  9999
2 45780  52.9977 223.5334 0024195 101.1039 101.6600 15.76245986  3463
0 STARLINK-1497
1 45781U 20038BD  20180.25001157  .05098213  00000-0  26835-1 0  9993
2 45781  52.9976 223.5509 0014307 104.4885  90.0386 15.75705295  3461
0 STARLINK-1498
1 45782U 20038BE  20180.25001157  .05167778  00000-0  26693-1 0  9999
2 45782  52.9977 223.5519 0023279 102.3259  91.1947 15.75943905  3461
0 STARLINK-1505
1 45783U 20038BF  20180.25001157  .05035041  00000-0  26134-1 0  9997
2 45783  52.9978 223.5557 0023351 102.6309  89.2944 15.75938280  3460
0 STARLINK-1510
1 45784U 20038BG  20180.25001157  .05225386  00000-0  26671-1 0  9997
2 45784  52.9974 223.5186 0023524 104.8142  93.4326 15.76165407  3461
0 STARLINK-1512
1 45785U 20038BH  20180.25001157  .06187025  00000-0  32264-1 0  9991
2 45785  52.9976 223.5488 0023610 107.4193  75.1097 15.75642871  3466
0 STARLINK-1513
1 45786U 20038BJ  20180.25001157  .04836110  00000-0  25248-1 0  9990
2 45786  52.9972 223.5381 0024060 105.8686  82.5880 15.75949408  3462
0 STARLINK-1517
1 45787U 20038BK  20180.25001157  .04950617  00000-0  25849-1 0  9997
2 45787  52.9971 223.5443 0023996 106.0040  79.3827 15.75855144  3463